6 0.665625 0.3359375 0.1046875 0.125
37 0.40859375 0.91328125 0.103125 0.121875
37 0.41796875 0.79921875 0.1046875 0.125
6 0.65390625 0.45546875 0.10625 0.1265625
17 0.8140625 0.7171875 0.10625 0.128125
0 0.07734375 0.39140625 0.1046875 0.125
19 0.19921875 0.16328125 0.1046875 0.121875
11 0.25625 0.53515625 0.10625 0.125
0 0.090625 0.271875 0.103125 0.125
32 0.93828125 0.4828125 0.1 0.128125
19 0.21015625 0.05234375 0.1046875 0.1046875
35 0.1203125 0.88359375 0.1078125 0.1265625
12 0.35078125 0.54375 0.1046875 0.121875
20 0.296875 0.17421875 0.1046875 0.125
11 0.24140625 0.65546875 0.1078125 0.128125
26 0.8671875 0.2328125 0.1046875 0.1234375
5 0.55859375 0.4453125 0.103125 0.1234375
26 0.88046875 0.1171875 0.103125 0.11875
32 0.94921875 0.36328125 0.1 0.1265625
24 0.67734375 0.2140625 0.103125 0.121875
33 0.31015625 0.8984375 0.1046875 0.1234375
5 0.5703125 0.3265625 0.1046875 0.125
12 0.334375 0.66328125 0.1046875 0.125
31 0.0390625 0.871875 0.078125 0.125
20 0.30859375 0.05859375 0.1046875 0.1171875
9 0.06484375 0.51171875 0.1046875 0.121875
31 0.04296875 0.75703125 0.0859375 0.1296875
1 0.1875 0.28359375 0.10625 0.125
8 0.84453125 0.475 0.1046875 0.125
23 0.58125 0.20234375 0.1046875 0.121875
18 0.11484375 0.04609375 0.1015625 0.0921875
24 0.68828125 0.09453125 0.103125 0.1171875
36 0.228125 0.771875 0.1078125 0.1265625
7 0.76328125 0.34765625 0.1046875 0.1265625
1 0.175 0.403125 0.10625 0.125
33 0.32265625 0.7828125 0.1078125 0.125
23 0.59296875 0.08671875 0.1046875 0.1171875
9 0.05078125 0.63359375 0.1015625 0.1265625
41 0.803125 0.83671875 0.1046875 0.125
17 0.83203125 0.59375 0.1078125 0.1296875
7 0.7484375 0.46484375 0.1046875 0.125
15 0.64140625 0.575 0.1078125 0.1265625
21 0.38671875 0.184375 0.1046875 0.1234375
39 0.61484375 0.81328125 0.1046875 0.1234375
21 0.4 0.06875 0.1046875 0.11875
10 0.16171875 0.52421875 0.1078125 0.125
8 0.85703125 0.35625 0.1046875 0.1265625
15 0.62421875 0.69453125 0.10625 0.1265625
2 0.28125 0.29453125 0.103125 0.125
18 0.10390625 0.15390625 0.1 0.121875
14 0.52890625 0.68671875 0.10625 0.128125
4 0.4734375 0.31796875 0.1046875 0.125
35 0.13359375 0.765625 0.109375 0.128125
34 0.909375 0.72265625 0.103125 0.1265625
2 0.271875 0.41640625 0.10625 0.128125
22 0.496875 0.07890625 0.1046875 0.115625
25 0.78515625 0.10546875 0.1015625 0.121875
22 0.48515625 0.19453125 0.0984375 0.115625
25 0.77265625 0.22109375 0.0953125 0.1171875
3 0.37734375 0.3046875 0.0984375 0.121875
3 0.36640625 0.42578125 0.0953125 0.121875
4 0.45859375 0.43515625 0.1109375 0.11875
13 0.43203125 0.67578125 0.1046875 0.128125
16 0.71796875 0.70546875 0.1 0.121875
10 0.14765625 0.64375 0.10625 0.125
36 0.21640625 0.890625 0.1 0.1234375
13 0.45078125 0.55625 0.1078125 0.125
14 0.54609375 0.56328125 0.103125 0.13125
16 0.73359375 0.58359375 0.10625 0.1265625
34 0.9265625 0.6046875 0.0984375 0.1265625
38 0.70859375 0.82578125 0.0953125 0.115625
38 0.5171875 0.80546875 0.1078125 0.125