6 0.634375 0.309375 0.1015625 0.121875
37 0.48203125 0.92265625 0.1 0.11875
37 0.471875 0.809375 0.1015625 0.121875
6 0.64375 0.4296875 0.1015625 0.1234375
17 0.846875 0.659375 0.103125 0.125
0 0.06484375 0.46640625 0.1 0.121875
19 0.1453125 0.22109375 0.1015625 0.11875
11 0.265625 0.5765625 0.1015625 0.121875
0 0.05703125 0.34609375 0.0984375 0.121875
32 0.92890625 0.40625 0.0953125 0.1265625
19 0.1359375 0.1015625 0.1015625 0.1171875
35 0.19296875 0.940625 0.1046875 0.11875
12 0.3609375 0.56953125 0.1015625 0.11875
20 0.24375 0.2140625 0.1015625 0.121875
11 0.27265625 0.69765625 0.1046875 0.125
26 0.815625 0.1734375 0.1015625 0.1203125
5 0.54765625 0.43671875 0.1 0.1203125
26 0.8078125 0.05703125 0.1 0.1140625
32 0.91875 0.2875 0.0953125 0.125
24 0.62421875 0.1875 0.1 0.11875
33 0.3828125 0.92578125 0.1015625 0.1203125
5 0.5390625 0.3171875 0.1015625 0.121875
12 0.365625 0.68984375 0.1015625 0.121875
31 0.096875 0.94375 0.103125 0.1125
20 0.234375 0.09765625 0.1015625 0.1171875
9 0.0734375 0.58671875 0.1015625 0.11875
31 0.08515625 0.83515625 0.1015625 0.1265625
1 0.1546875 0.340625 0.103125 0.121875
8 0.834375 0.415625 0.1 0.121875
23 0.52890625 0.1921875 0.1015625 0.11875
18 0.04453125 0.10625 0.0890625 0.115625
24 0.61484375 0.06796875 0.1 0.1140625
36 0.27890625 0.815625 0.1046875 0.1234375
7 0.7328125 0.3046875 0.1 0.1234375
1 0.1625 0.4609375 0.103125 0.121875
33 0.37421875 0.809375 0.1046875 0.121875
23 0.51953125 0.0765625 0.1015625 0.1140625
9 0.08046875 0.71015625 0.0984375 0.1234375
41 0.85703125 0.77890625 0.1 0.121875
17 0.84296875 0.534375 0.103125 0.1265625
7 0.7390625 0.421875 0.1015625 0.121875
15 0.65234375 0.55 0.1046875 0.1234375
21 0.33359375 0.20859375 0.1015625 0.1203125
39 0.6671875 0.78828125 0.1015625 0.1203125
21 0.3265625 0.0921875 0.1015625 0.115625
10 0.17109375 0.5828125 0.103125 0.121875
8 0.8265625 0.29609375 0.1 0.1234375
15 0.65625 0.6703125 0.1015625 0.1234375
2 0.24921875 0.3359375 0.0984375 0.121875
18 0.04921875 0.22734375 0.096875 0.11875
14 0.5609375 0.67890625 0.1015625 0.125
4 0.4421875 0.32578125 0.1015625 0.121875
35 0.18515625 0.825 0.1046875 0.125
34 0.9421875 0.6484375 0.1 0.1234375
2 0.26015625 0.45703125 0.1015625 0.125
22 0.42421875 0.08515625 0.1 0.1125
25 0.7125 0.0625 0.0984375 0.11875
22 0.43203125 0.2015625 0.0953125 0.1140625
25 0.7203125 0.17734375 0.0921875 0.115625
3 0.3453125 0.32890625 0.0953125 0.11875
3 0.35546875 0.45 0.0921875 0.1203125
4 0.4484375 0.44296875 0.1078125 0.115625
13 0.46328125 0.68515625 0.1 0.125
16 0.75 0.6640625 0.096875 0.11875
10 0.178125 0.70234375 0.103125 0.121875
36 0.28828125 0.93359375 0.096875 0.1203125
13 0.46171875 0.5640625 0.1046875 0.121875
14 0.55625 0.55390625 0.0984375 0.128125
16 0.74453125 0.54140625 0.1015625 0.1234375
34 0.93828125 0.52890625 0.09375 0.125
38 0.76171875 0.78515625 0.0921875 0.1125
38 0.5703125 0.7984375 0.103125 0.121875