6 0.64765625 0.31953125 0.09375 0.115625
37 0.45234375 0.9203125 0.09296875 0.1125
37 0.45 0.80625 0.09375 0.11640625
6 0.6484375 0.43984375 0.09453125 0.11640625
17 0.83515625 0.6828125 0.09453125 0.11875
0 0.06796875 0.4359375 0.09296875 0.11484375
19 0.165625 0.196875 0.09375 0.1140625
11 0.2609375 0.56015625 0.09453125 0.115625
0 0.06875 0.315625 0.09140625 0.115625
32 0.934375 0.43671875 0.08828125 0.11953125
19 0.16484375 0.07734375 0.09375 0.11015625
35 0.1625 0.92109375 0.09609375 0.11640625
12 0.35625 0.559375 0.09453125 0.1140625
20 0.2640625 0.196875 0.09296875 0.11484375
11 0.259375 0.68125 0.09609375 0.11796875
26 0.8375 0.19609375 0.09296875 0.1140625
5 0.55234375 0.43984375 0.09296875 0.11484375
26 0.83828125 0.0796875 0.0921875 0.109375
32 0.9328125 0.3171875 0.0875 0.11875
24 0.64609375 0.196875 0.0921875 0.1140625
33 0.353125 0.91640625 0.09453125 0.11328125
5 0.5515625 0.3203125 0.09296875 0.11640625
12 0.35234375 0.6796875 0.09375 0.1171875
31 0.06640625 0.9203125 0.09453125 0.1140625
20 0.26328125 0.08046875 0.09375 0.11015625
9 0.06875 0.55703125 0.0921875 0.1125
31 0.0625 0.80546875 0.09296875 0.11953125
1 0.16640625 0.3171875 0.09453125 0.1171875
8 0.83984375 0.4390625 0.09296875 0.11484375
23 0.55 0.1953125 0.09296875 0.11328125
18 0.06875 0.07578125 0.090625 0.109375
24 0.64453125 0.07734375 0.09296875 0.10859375
36 0.2578125 0.79921875 0.096875 0.1171875
7 0.74609375 0.32109375 0.0921875 0.11640625
1 0.16640625 0.4375 0.09453125 0.11484375
33 0.353125 0.8 0.09609375 0.115625
23 0.54921875 0.07890625 0.09375 0.10859375
9 0.0671875 0.68046875 0.0921875 0.11796875
41 0.83671875 0.803125 0.09296875 0.11484375
17 0.83984375 0.55859375 0.0953125 0.11953125
7 0.74375 0.4390625 0.09375 0.115625
15 0.6484375 0.56015625 0.0953125 0.11640625
21 0.3546875 0.19765625 0.09296875 0.1140625
39 0.646875 0.79921875 0.09296875 0.11328125
21 0.35546875 0.08125 0.09375 0.11015625
10 0.16640625 0.559375 0.09609375 0.11484375
8 0.83984375 0.31953125 0.09296875 0.11640625
15 0.64375 0.68046875 0.0953125 0.1171875
2 0.2609375 0.31875 0.0921875 0.115625
18 0.06953125 0.196875 0.08984375 0.1140625
14 0.5484375 0.6828125 0.09453125 0.11875
4 0.4546875 0.321875 0.09296875 0.11484375
35 0.16328125 0.80234375 0.096875 0.11875
34 0.93046875 0.67890625 0.09140625 0.11640625
2 0.2640625 0.440625 0.09453125 0.11796875
22 0.453125 0.08125 0.09296875 0.10703125
25 0.7421875 0.078125 0.08984375 0.11328125
22 0.453125 0.19765625 0.08828125 0.10703125
25 0.7421875 0.19375 0.0828125 0.109375
3 0.3578125 0.31875 0.08828125 0.11328125
3 0.359375 0.43984375 0.08359375 0.1140625
4 0.45234375 0.43984375 0.1 0.109375
13 0.45078125 0.68203125 0.0921875 0.11875
16 0.73828125 0.68125 0.08828125 0.1125
10 0.16484375 0.6796875 0.09453125 0.1140625
36 0.25859375 0.91796875 0.08828125 0.1140625
13 0.45703125 0.5609375 0.096875 0.11484375
14 0.55234375 0.5578125 0.090625 0.1234375
16 0.74140625 0.55859375 0.09375 0.11796875
34 0.93515625 0.559375 0.08515625 0.11875
38 0.74140625 0.80234375 0.084375 0.10703125
38 0.54921875 0.80234375 0.09609375 0.115625