11 0.453125 0.22421875 0.18046875 0.17578125
37 0.2703125 0.3984375 0.1828125 0.178125
6 0.4578125 0.58828125 0.1765625 0.17890625
14 0.2828125 0.7640625 0.18203125 0.17890625
31 0.46328125 0.7625 0.18203125 0.18046875
2 0.63984375 0.221875 0.1796875 0.178125
5 0.6421875 0.58671875 0.175 0.17734375
1 0.278125 0.58125 0.18203125 0.18125
23 0.27734375 0.225 0.17890625 0.1734375
21 0.64921875 0.75546875 0.1765625 0.18125
24 0.64140625 0.40078125 0.18046875 0.1765625
29 0.45625 0.40078125 0.175 0.17421875