18 0.38984375 0.39453125 0.2171875 0.1453125
37 0.19609375 0.2328125 0.23125 0.15625
37 0.59765625 0.5625 0.21875 0.1375
6 0.128125 0.61953125 0.2375 0.1609375
27 0.63671875 0.30234375 0.21875 0.159375
26 0.57421875 0.6953125 0.2171875 0.1546875
14 0.36015625 0.6546875 0.2375 0.15625
38 0.87265625 0.33671875 0.2453125 0.1625
10 0.79921875 0.72578125 0.2265625 0.1421875
7 0.82109375 0.59765625 0.21875 0.1359375
0 0.40859375 0.26640625 0.2375 0.1546875
10 0.36875 0.5234375 0.2234375 0.1453125
35 0.84296875 0.4671875 0.2296875 0.1484375
31 0.15078125 0.4875 0.221875 0.140625
6 0.16796875 0.3578125 0.2125 0.146875
3 0.6140625 0.43359375 0.2125 0.140625