18 0.3640625 0.43125 0.21875 0.1484375
37 0.13125 0.3328125 0.2328125 0.159375
37 0.61171875 0.53125 0.21875 0.140625
6 0.1796875 0.7234375 0.240625 0.1640625
27 0.57265625 0.27109375 0.221875 0.1625
26 0.628125 0.66484375 0.21875 0.1578125
14 0.4109375 0.6890625 0.2390625 0.159375
38 0.80859375 0.23515625 0.246875 0.165625
10 0.85234375 0.628125 0.228125 0.1453125
7 0.83515625 0.5 0.2203125 0.1390625
0 0.34375 0.303125 0.2390625 0.1578125
10 0.38125 0.5609375 0.225 0.1484375
35 0.81875 0.36796875 0.23125 0.153125
31 0.1625 0.58984375 0.2234375 0.14375
6 0.14140625 0.4609375 0.2140625 0.15
3 0.58984375 0.40234375 0.2140625 0.14375