5 0.83671875 0.5109375 0.059375 0.078125
1 0.6125 0.55546875 0.0578125 0.08125
1 0.55859375 0.56640625 0.0546875 0.078125
5 0.7796875 0.521875 0.0578125 0.0796875
32 0.6671875 0.5421875 0.059375 0.075
1 0.50546875 0.57421875 0.0546875 0.078125
15 0.3484375 0.60625 0.0546875 0.078125
15 0.45 0.58515625 0.05625 0.0796875
5 0.896875 0.4984375 0.0625 0.08125
32 0.72265625 0.53046875 0.05625 0.06875
15 0.4 0.5953125 0.05625 0.0796875
33 0.24765625 0.62734375 0.053125 0.0703125
33 0.296875 0.61875 0.0484375 0.0671875
33 0.19765625 0.63671875 0.05 0.065625
33 0.146875 0.64296875 0.05 0.0703125