25 0.09375 0.40703125 0.0828125 0.2796875
25 0.159375 0.41875 0.0828125 0.2703125
25 0.2234375 0.428125 0.0828125 0.2671875
23 0.2921875 0.43671875 0.0875 0.2890625
23 0.3578125 0.4390625 0.0890625 0.275
23 0.4203125 0.4625 0.0859375 0.28125
34 0.4859375 0.46796875 0.0828125 0.2578125
34 0.55078125 0.47578125 0.084375 0.2703125
34 0.61328125 0.48125 0.0796875 0.2671875
37 0.675 0.4890625 0.0875 0.278125
37 0.73828125 0.4984375 0.090625 0.2875
37 0.8 0.50546875 0.09375 0.2859375
32 0.865625 0.5109375 0.08125 0.2703125
32 0.925 0.52421875 0.0796875 0.2578125