17 0.28203125 0.4921875 0.0578125 0.0921875
5 0.38203125 0.50625 0.0578125 0.090625
5 0.4328125 0.5140625 0.059375 0.0921875
17 0.3328125 0.49921875 0.0609375 0.0921875
17 0.23046875 0.48515625 0.059375 0.0921875
5 0.484375 0.5203125 0.059375 0.0921875
30 0.18203125 0.48203125 0.059375 0.0921875
18 0.5375 0.52734375 0.059375 0.0890625
18 0.6421875 0.54140625 0.059375 0.090625
21 0.696875 0.54921875 0.0625 0.09375
18 0.58984375 0.53359375 0.0609375 0.090625
36 0.859375 0.57109375 0.0625 0.090625
21 0.75 0.55390625 0.0640625 0.0953125
29 0.13359375 0.4765625 0.05625 0.090625
21 0.80546875 0.56015625 0.0625 0.09375
36 0.91875 0.5765625 0.05625 0.0859375
40 0.08359375 0.46953125 0.05625 0.0890625
39 0.0375 0.4609375 0.0515625 0.0890625