25 0.08515625 0.45703125 0.05 0.27578125
25 0.15234375 0.4609375 0.05078125 0.265625
25 0.21640625 0.4625 0.05078125 0.2640625
23 0.2859375 0.4625 0.053125 0.284375
23 0.3515625 0.45703125 0.05546875 0.2703125
23 0.41640625 0.47265625 0.053125 0.2765625
34 0.48203125 0.4703125 0.0515625 0.2546875
34 0.54765625 0.46953125 0.05234375 0.265625
34 0.61015625 0.46796875 0.04921875 0.2625
37 0.67265625 0.46796875 0.0546875 0.27421875
37 0.7359375 0.46953125 0.05703125 0.28359375
37 0.7984375 0.46875 0.05859375 0.28125
32 0.8640625 0.46640625 0.04921875 0.265625
32 0.925 0.471875 0.04921875 0.25234375