17 0.284375 0.465625 0.0671875 0.096875
5 0.38203125 0.49140625 0.0671875 0.09375
5 0.43203125 0.50546875 0.06875 0.096875
17 0.33359375 0.47890625 0.0703125 0.0953125
17 0.234375 0.45234375 0.06875 0.0953125
5 0.48203125 0.51796875 0.06875 0.096875
30 0.18671875 0.44375 0.06875 0.0953125
18 0.53359375 0.53203125 0.06875 0.09375
18 0.6359375 0.5578125 0.06875 0.09375
21 0.68984375 0.57265625 0.071875 0.0984375
18 0.584375 0.54453125 0.0703125 0.0953125
36 0.8484375 0.6140625 0.071875 0.0953125
21 0.74140625 0.58359375 0.0734375 0.1
29 0.1390625 0.43203125 0.065625 0.0953125
21 0.7953125 0.596875 0.071875 0.0984375
36 0.90625 0.62734375 0.065625 0.0890625
40 0.090625 0.41875 0.065625 0.09375
39 0.0453125 0.40546875 0.0609375 0.0921875