32 0.6578125 0.6734375 0.0703125 0.11875
32 0.71171875 0.6828125 0.0703125 0.1203125
37 0.7671875 0.69140625 0.0703125 0.125
32 0.60078125 0.66640625 0.0640625 0.10625
13 0.33203125 0.63125 0.0640625 0.121875
14 0.38515625 0.64140625 0.0625 0.121875
11 0.2734375 0.621875 0.0671875 0.1203125
35 0.5453125 0.65625 0.059375 0.103125
30 0.11484375 0.59453125 0.0703125 0.1234375
9 0.16484375 0.6046875 0.06875 0.11875
37 0.8828125 0.703125 0.0734375 0.1234375
37 0.8265625 0.6984375 0.071875 0.1265625
35 0.4921875 0.6484375 0.0578125 0.0984375
15 0.4375 0.64921875 0.0609375 0.1171875
10 0.22109375 0.6125 0.0578125 0.1140625