32 0.6453125 0.684375 0.0765625 0.121875
32 0.6984375 0.69765625 0.0765625 0.1234375
37 0.753125 0.709375 0.078125 0.1265625
32 0.5890625 0.67265625 0.0703125 0.1078125
13 0.3234375 0.61953125 0.071875 0.1234375
14 0.37578125 0.63359375 0.0703125 0.1234375
11 0.265625 0.60546875 0.075 0.121875
35 0.534375 0.65859375 0.065625 0.1046875
30 0.109375 0.56796875 0.078125 0.1265625
9 0.15859375 0.58046875 0.075 0.121875
37 0.86796875 0.72890625 0.08125 0.125
37 0.8125 0.7203125 0.0796875 0.128125
35 0.48203125 0.64765625 0.0625 0.1
15 0.42734375 0.64453125 0.0671875 0.11875
10 0.2140625 0.59296875 0.0640625 0.115625