25 0.0828125 0.49296875 0.0734375 0.2796875
25 0.15 0.49140625 0.075 0.26875
25 0.2140625 0.4875 0.0734375 0.265625
23 0.28359375 0.48125 0.078125 0.2875
23 0.3484375 0.4703125 0.0796875 0.2734375
23 0.4140625 0.4796875 0.0765625 0.2796875
34 0.4796875 0.471875 0.0734375 0.2578125
34 0.54453125 0.465625 0.075 0.26875
34 0.60703125 0.45859375 0.071875 0.265625
37 0.66953125 0.453125 0.078125 0.278125
37 0.73203125 0.44921875 0.08125 0.2875
37 0.79453125 0.44296875 0.0828125 0.2859375
32 0.859375 0.43515625 0.0734375 0.26875
32 0.92109375 0.43515625 0.071875 0.25625