17 0.2828125 0.51875 0.0484375 0.0875
5 0.38359375 0.5203125 0.0484375 0.0859375
5 0.43515625 0.521875 0.0484375 0.0859375
17 0.33359375 0.51953125 0.05078125 0.0859375
17 0.23046875 0.51796875 0.04921875 0.08671875
5 0.48671875 0.521875 0.0484375 0.0859375
30 0.18203125 0.52109375 0.05 0.08671875
18 0.540625 0.52265625 0.04921875 0.084375
18 0.64609375 0.5234375 0.05 0.0859375
21 0.7015625 0.525 0.05234375 0.0890625
18 0.59296875 0.52265625 0.05078125 0.08515625
36 0.865625 0.5265625 0.05234375 0.0859375
21 0.7546875 0.52265625 0.05234375 0.0890625
29 0.13359375 0.52109375 0.046875 0.08515625
21 0.81015625 0.52265625 0.05234375 0.08828125
36 0.925 0.525 0.04609375 0.0796875
40 0.0828125 0.5203125 0.0453125 0.0859375
39 0.0359375 0.51796875 0.0421875 0.084375