17 0.9234375 0.440625 0.075 0.0890625
17 0.84765625 0.4546875 0.0734375 0.0875
17 0.77734375 0.46796875 0.0703125 0.0875
15 0.5125 0.51953125 0.065625 0.084375
11 0.33515625 0.55 0.0625 0.084375
11 0.3921875 0.540625 0.0609375 0.0828125
31 0.64296875 0.496875 0.0734375 0.0890625
31 0.709375 0.48046875 0.0734375 0.0890625
13 0.17265625 0.58203125 0.0625 0.078125
16 0.45234375 0.52890625 0.0609375 0.08125
14 0.57421875 0.50546875 0.0703125 0.0875
13 0.22421875 0.575 0.059375 0.08125
11 0.2796875 0.5609375 0.0578125 0.08125
13 0.11953125 0.59140625 0.0625 0.0765625
39 0.0671875 0.60078125 0.071875 0.0796875