17 0.5375 0.39453125 0.0453125 0.0640625
12 0.64453125 0.39140625 0.0453125 0.0640625
30 0.1 0.39765625 0.053125 0.0640625
17 0.48203125 0.39375 0.04375 0.0625
11 0.15390625 0.396875 0.046875 0.0640625
13 0.7015625 0.39140625 0.0453125 0.065625
11 0.2640625 0.39765625 0.0453125 0.0625
13 0.42734375 0.39765625 0.0453125 0.0640625
13 0.3171875 0.396875 0.04375 0.0640625
34 0.81171875 0.3890625 0.04375 0.0609375
11 0.20859375 0.396875 0.0453125 0.0640625
17 0.59140625 0.39375 0.04375 0.0640625
13 0.37265625 0.39765625 0.046875 0.065625
14 0.75625 0.390625 0.046875 0.065625
34 0.865625 0.3875 0.0453125 0.0609375