23 0.225 0.47578125 0.059375 0.0703125
23 0.2765625 0.46484375 0.059375 0.0703125
7 0.32890625 0.45859375 0.0578125 0.0734375
1 0.74765625 0.390625 0.0578125 0.075
7 0.434375 0.44375 0.0578125 0.0734375
7 0.3828125 0.45078125 0.05625 0.0734375
23 0.17421875 0.48125 0.05625 0.0671875
3 0.853125 0.37109375 0.065625 0.0765625
2 0.80234375 0.38046875 0.0625 0.075
37 0.48671875 0.4359375 0.0625 0.075
23 0.12734375 0.4890625 0.05625 0.06875
37 0.5390625 0.42734375 0.0625 0.0765625
36 0.6421875 0.40546875 0.0546875 0.0640625
36 0.69375 0.396875 0.0546875 0.0671875
36 0.58671875 0.4171875 0.05625 0.06875
40 0.0703125 0.49453125 0.065625 0.0765625