38 0.03984375 0.6171875 0.0578125 0.0578125
25 0.78359375 0.478125 0.0484375 0.059375
2 0.453125 0.540625 0.0484375 0.05625
2 0.40625 0.54921875 0.0453125 0.0546875
2 0.5 0.528125 0.0484375 0.05625
25 0.8328125 0.46953125 0.05 0.059375
21 0.31640625 0.5671875 0.046875 0.053125
0 0.93046875 0.44921875 0.0515625 0.059375
21 0.225 0.584375 0.0453125 0.05
25 0.7359375 0.4875 0.046875 0.0578125
37 0.5453125 0.52265625 0.046875 0.05625
39 0.1328125 0.60078125 0.0515625 0.059375
21 0.2703125 0.575 0.0453125 0.0515625
2 0.359375 0.55703125 0.0484375 0.05625
0 0.87890625 0.45703125 0.0484375 0.059375
37 0.68984375 0.49453125 0.046875 0.0546875
41 0.17890625 0.5921875 0.0484375 0.0546875
37 0.63828125 0.50234375 0.0484375 0.05625
27 0.084375 0.609375 0.046875 0.0546875
37 0.59375 0.51328125 0.0484375 0.05625