31 0.39453125 0.45703125 0.0578125 0.065625
31 0.44609375 0.446875 0.0578125 0.065625
31 0.4984375 0.43984375 0.059375 0.065625
23 0.2421875 0.4859375 0.053125 0.0640625
22 0.75859375 0.3921875 0.0578125 0.065625
22 0.19296875 0.49375 0.059375 0.0625
31 0.34296875 0.4671875 0.0578125 0.065625
25 0.653125 0.41015625 0.0578125 0.06875
25 0.60078125 0.4203125 0.0578125 0.06875
22 0.70703125 0.4 0.053125 0.059375
25 0.54921875 0.4296875 0.05625 0.0671875
24 0.29140625 0.47578125 0.0609375 0.06875
30 0.08984375 0.5140625 0.059375 0.06875
38 0.0375 0.5203125 0.06875 0.0703125
35 0.8671875 0.36953125 0.0546875 0.0640625
40 0.140625 0.50390625 0.0640625 0.06875
35 0.92265625 0.36171875 0.053125 0.059375
35 0.81328125 0.3796875 0.05625 0.0640625