31 0.41875 0.4203125 0.053125 0.0625
31 0.46953125 0.43046875 0.0546875 0.0625
31 0.52109375 0.44296875 0.05625 0.0625
23 0.26640625 0.390625 0.05 0.0625
22 0.78046875 0.496875 0.0546875 0.0625
22 0.21796875 0.3796875 0.05625 0.059375
31 0.3671875 0.4109375 0.0546875 0.0625
25 0.67578125 0.47421875 0.053125 0.065625
25 0.6234375 0.4640625 0.053125 0.065625
22 0.7296875 0.48515625 0.05 0.0578125
25 0.571875 0.45390625 0.053125 0.065625
24 0.315625 0.4 0.05625 0.065625
30 0.1140625 0.359375 0.0546875 0.065625
38 0.06328125 0.3453125 0.065625 0.0671875
35 0.88984375 0.51640625 0.0515625 0.0609375
40 0.165625 0.36875 0.0609375 0.0671875
35 0.94375 0.5296875 0.05 0.0578125
35 0.83515625 0.50546875 0.053125 0.0625