31 0.778125 0.44453125 0.071875 0.0875
31 0.8453125 0.45546875 0.0734375 0.084375
31 0.91171875 0.465625 0.0765625 0.0859375
19 0.52734375 0.40078125 0.0609375 0.075
25 0.353125 0.37109375 0.0578125 0.071875
25 0.41015625 0.38515625 0.05625 0.0734375
19 0.46796875 0.39296875 0.0578125 0.0765625
25 0.296875 0.36484375 0.0578125 0.0734375
26 0.23984375 0.3546875 0.059375 0.071875
13 0.71484375 0.43046875 0.0671875 0.0828125
19 0.58515625 0.4109375 0.0609375 0.0765625
13 0.6484375 0.41953125 0.0625 0.0765625
26 0.1859375 0.3484375 0.0640625 0.075
26 0.134375 0.33984375 0.065625 0.071875