31 0.74453125 0.35703125 0.0703125 0.0859375
31 0.81171875 0.3453125 0.071875 0.0828125
31 0.878125 0.33359375 0.075 0.0859375
19 0.49296875 0.39765625 0.059375 0.075
25 0.31875 0.42578125 0.05625 0.071875
25 0.37734375 0.4203125 0.0546875 0.0734375
19 0.43515625 0.409375 0.0578125 0.075
25 0.2640625 0.43828125 0.05625 0.071875
26 0.20703125 0.44765625 0.059375 0.071875
13 0.68046875 0.36484375 0.065625 0.08125
19 0.5515625 0.38828125 0.059375 0.075
13 0.6140625 0.37578125 0.0609375 0.0765625
26 0.153125 0.459375 0.0625 0.075
26 0.1015625 0.4671875 0.0640625 0.071875