38 0.02734375 0.54375 0.05078125 0.05078125
25 0.78359375 0.52265625 0.040625 0.053125
2 0.44765625 0.5328125 0.040625 0.05078125
2 0.4 0.534375 0.0390625 0.05
2 0.4953125 0.528125 0.040625 0.05078125
25 0.83359375 0.521875 0.04140625 0.05390625
21 0.3078125 0.5375 0.0390625 0.046875
0 0.9328125 0.5171875 0.04453125 0.0546875
21 0.21484375 0.540625 0.03984375 0.04453125
25 0.73515625 0.52421875 0.03984375 0.0515625
37 0.54140625 0.5296875 0.03984375 0.05078125
39 0.121875 0.5421875 0.04453125 0.0515625
21 0.26171875 0.53828125 0.0390625 0.0453125
2 0.35234375 0.534375 0.040625 0.05
0 0.88125 0.5171875 0.040625 0.053125
37 0.68828125 0.52421875 0.0390625 0.0484375
41 0.16875 0.540625 0.04140625 0.0484375
37 0.6359375 0.52421875 0.03984375 0.05
27 0.07265625 0.54296875 0.03828125 0.05
37 0.590625 0.528125 0.03984375 0.0515625