17 0.91875 0.5890625 0.071875 0.0875
17 0.8421875 0.5765625 0.0703125 0.0859375
17 0.77109375 0.5640625 0.0671875 0.0859375
15 0.5046875 0.52265625 0.0625 0.0828125
11 0.328125 0.490625 0.059375 0.0828125
11 0.38515625 0.5015625 0.059375 0.08125
31 0.63515625 0.54609375 0.071875 0.0875
31 0.703125 0.55390625 0.071875 0.0875
13 0.16484375 0.46484375 0.0609375 0.078125
16 0.4453125 0.5109375 0.059375 0.0796875
14 0.56796875 0.53046875 0.0671875 0.0859375
13 0.21484375 0.4765625 0.0578125 0.0796875
11 0.271875 0.48203125 0.0546875 0.0796875
13 0.11171875 0.45625 0.059375 0.0765625
39 0.059375 0.446875 0.06875 0.078125