17 0.528125 0.3921875 0.05 0.0671875
12 0.634375 0.37890625 0.05 0.0671875
30 0.0921875 0.4328125 0.059375 0.0671875
17 0.47265625 0.39609375 0.0484375 0.0671875
11 0.14609375 0.42734375 0.0515625 0.0671875
13 0.69140625 0.375 0.05 0.0703125
11 0.25546875 0.41875 0.05 0.0671875
13 0.41875 0.40390625 0.05 0.06875
13 0.30859375 0.41328125 0.05 0.0671875
34 0.80078125 0.3625 0.0484375 0.0640625
11 0.20078125 0.4234375 0.05 0.0671875
17 0.58125 0.3859375 0.0484375 0.0671875
13 0.3640625 0.409375 0.0515625 0.0703125
14 0.7453125 0.36875 0.053125 0.0703125
34 0.85390625 0.35625 0.05 0.0640625