17 0.5390625 0.3953125 0.04375 0.06328125
12 0.64609375 0.39375 0.04375 0.0640625
30 0.1015625 0.390625 0.0515625 0.0625
17 0.48359375 0.39375 0.0421875 0.0625
11 0.15546875 0.390625 0.04453125 0.06328125
13 0.703125 0.3953125 0.0453125 0.06484375
11 0.265625 0.39375 0.04453125 0.0625
13 0.42890625 0.39609375 0.04375 0.0640625
13 0.31875 0.39375 0.0421875 0.06328125
34 0.81328125 0.39453125 0.04140625 0.06015625
11 0.21015625 0.3921875 0.04375 0.06328125
17 0.59296875 0.3953125 0.04296875 0.06328125
13 0.37421875 0.3953125 0.04453125 0.06484375
14 0.7578125 0.3953125 0.0453125 0.0640625
34 0.8671875 0.39375 0.04375 0.06015625