23 0.22421875 0.48515625 0.0609375 0.071875
23 0.27578125 0.47265625 0.0609375 0.071875
7 0.328125 0.46484375 0.059375 0.075
1 0.74375 0.38203125 0.0609375 0.0765625
7 0.4328125 0.44609375 0.059375 0.075
7 0.38046875 0.4546875 0.0578125 0.075
23 0.1734375 0.49296875 0.0578125 0.06875
3 0.8484375 0.359375 0.0671875 0.078125
2 0.79765625 0.3703125 0.0640625 0.075
37 0.484375 0.4359375 0.0640625 0.075
23 0.1265625 0.50234375 0.0578125 0.0703125
37 0.5359375 0.42578125 0.0640625 0.0765625
36 0.63828125 0.4 0.05625 0.065625
36 0.68984375 0.38984375 0.05625 0.0671875
36 0.584375 0.4140625 0.059375 0.0703125
40 0.0703125 0.51015625 0.0671875 0.078125