38 0.0265625 0.51875 0.053125 0.053125
25 0.78203125 0.5375 0.04375 0.0546875
2 0.44609375 0.5296875 0.04375 0.0515625
2 0.3984375 0.52890625 0.040625 0.0515625
2 0.49375 0.528125 0.04375 0.0515625
25 0.83203125 0.5390625 0.0453125 0.0546875
21 0.30625 0.52734375 0.0421875 0.0484375
0 0.93125 0.53984375 0.046875 0.05625
21 0.21328125 0.52578125 0.0421875 0.0453125
25 0.73359375 0.53671875 0.0421875 0.053125
37 0.53984375 0.53203125 0.0421875 0.0515625
39 0.1203125 0.52265625 0.046875 0.0546875
21 0.26015625 0.52578125 0.040625 0.046875
2 0.35078125 0.5265625 0.04375 0.0515625
0 0.8796875 0.5375 0.04375 0.0546875
37 0.68671875 0.534375 0.0421875 0.05
41 0.1671875 0.5234375 0.04375 0.0515625
37 0.634375 0.53125 0.04375 0.0515625
27 0.07109375 0.5203125 0.0421875 0.0515625
37 0.5890625 0.5328125 0.04375 0.053125