3 0.68828125 0.4609375 0.0453125 0.05859375
25 0.57734375 0.4546875 0.04453125 0.0609375
24 0.921875 0.4703125 0.0578125 0.0640625
29 0.07421875 0.43828125 0.04609375 0.05625
26 0.63359375 0.45625 0.04921875 0.06015625
3 0.74609375 0.46328125 0.0484375 0.06171875
24 0.8609375 0.4671875 0.05625 0.06484375
19 0.31640625 0.44453125 0.03828125 0.05625
24 0.8015625 0.46171875 0.053125 0.06015625
19 0.26796875 0.44609375 0.0375 0.05625
32 0.471875 0.45 0.04453125 0.05546875
24 0.52890625 0.453125 0.0484375 0.05859375
19 0.2203125 0.44375 0.0375 0.05546875
19 0.17109375 0.44140625 0.03359375 0.053125
32 0.3703125 0.44453125 0.03984375 0.053125
40 0.12421875 0.43984375 0.05234375 0.05703125
32 0.41953125 0.44765625 0.04296875 0.05390625