3 0.68203125 0.43828125 0.0515625 0.0640625
25 0.57109375 0.4453125 0.0515625 0.0640625
24 0.91484375 0.41875 0.0640625 0.071875
29 0.06953125 0.490625 0.0515625 0.0609375
26 0.62734375 0.440625 0.05625 0.065625
3 0.73984375 0.43359375 0.05625 0.0671875
24 0.85390625 0.4234375 0.0640625 0.071875
19 0.3109375 0.4671875 0.0453125 0.0609375
24 0.79453125 0.425 0.059375 0.0671875
19 0.26328125 0.475 0.04375 0.0609375
32 0.465625 0.45390625 0.05 0.0609375
24 0.52265625 0.45 0.0546875 0.0640625
19 0.215625 0.478125 0.04375 0.0609375
19 0.16640625 0.48203125 0.0390625 0.05625
32 0.36484375 0.4609375 0.046875 0.0578125
40 0.11953125 0.4859375 0.0578125 0.0640625
32 0.4140625 0.4578125 0.0484375 0.059375