5 0.23359375 0.52890625 0.0546875 0.0703125
34 0.82890625 0.5796875 0.0625 0.078125
1 0.6984375 0.56875 0.0609375 0.0765625
0 0.63203125 0.5625 0.0578125 0.0765625
4 0.17890625 0.52578125 0.0546875 0.06875
34 0.89921875 0.58515625 0.05625 0.0734375
7 0.51640625 0.55234375 0.0546875 0.0734375
36 0.33984375 0.5390625 0.05 0.0671875
8 0.57109375 0.559375 0.0546875 0.075
2 0.76484375 0.575 0.0625 0.078125
6 0.4546875 0.5484375 0.0515625 0.06875
36 0.39609375 0.54296875 0.05 0.065625
36 0.28359375 0.53515625 0.046875 0.0640625
3 0.12890625 0.5203125 0.0546875 0.0671875
27 0.0734375 0.51796875 0.05 0.06875