5 0.23203125 0.48671875 0.0640625 0.0765625
34 0.8125 0.63046875 0.0734375 0.0859375
1 0.68515625 0.59921875 0.0703125 0.084375
0 0.6203125 0.58203125 0.06875 0.0828125
4 0.17890625 0.475 0.0640625 0.075
34 0.88125 0.64609375 0.0671875 0.08125
7 0.5078125 0.5546875 0.0640625 0.08125
36 0.3359375 0.5140625 0.059375 0.071875
8 0.5609375 0.56953125 0.065625 0.08125
2 0.75 0.615625 0.0734375 0.0859375
6 0.44765625 0.540625 0.0609375 0.075
36 0.390625 0.5265625 0.0578125 0.0703125
36 0.28125 0.50078125 0.05625 0.0703125
3 0.13046875 0.4625 0.0640625 0.0734375
27 0.07578125 0.4515625 0.059375 0.0734375