27 0.08828125 0.5703125 0.05625 0.075
1 0.35625 0.5296875 0.0515625 0.0734375
1 0.4703125 0.5140625 0.053125 0.0765625
9 0.63984375 0.4890625 0.05625 0.0703125
1 0.41640625 0.52109375 0.05 0.0734375
9 0.5796875 0.4984375 0.0546875 0.06875
6 0.24765625 0.54609375 0.05625 0.0734375
9 0.5234375 0.5046875 0.0578125 0.075
24 0.6953125 0.48046875 0.0578125 0.075
6 0.19453125 0.55390625 0.0546875 0.0734375
6 0.3015625 0.5375 0.05625 0.075
24 0.81328125 0.4671875 0.0609375 0.078125
24 0.753125 0.4734375 0.0625 0.078125
36 0.87265625 0.4546875 0.0578125 0.0671875
36 0.93359375 0.44453125 0.0578125 0.0671875
30 0.1453125 0.5609375 0.059375 0.075