27 0.0828125 0.49765625 0.05 0.0703125
1 0.35390625 0.50390625 0.0453125 0.0703125
1 0.46875 0.509375 0.0453125 0.0734375
9 0.63984375 0.51328125 0.05 0.065625
1 0.4140625 0.50625 0.04375 0.0703125
9 0.57890625 0.5125 0.0484375 0.0640625
6 0.24375 0.5015625 0.0484375 0.06875
9 0.52265625 0.50859375 0.05 0.0703125
24 0.6953125 0.51484375 0.0515625 0.0703125
6 0.18984375 0.5 0.046875 0.0703125
6 0.2984375 0.50234375 0.0484375 0.0703125
24 0.8140625 0.521875 0.0546875 0.0734375
24 0.75390625 0.5171875 0.0546875 0.0734375
36 0.87421875 0.5203125 0.0515625 0.0625
36 0.9359375 0.52109375 0.0515625 0.0625
30 0.140625 0.4984375 0.053125 0.0703125