23 0.40859375 0.38046875 0.05 0.0640625
20 0.3078125 0.3640625 0.0484375 0.0609375
18 0.20625 0.34453125 0.0546875 0.065625
20 0.56171875 0.40859375 0.0515625 0.065625
22 0.35859375 0.36875 0.0453125 0.053125
37 0.66171875 0.42578125 0.0546875 0.06875
37 0.765625 0.446875 0.05625 0.0671875
19 0.2546875 0.35703125 0.0515625 0.0640625
21 0.61171875 0.4171875 0.0515625 0.0640625
24 0.459375 0.38984375 0.05 0.0640625
37 0.71328125 0.43671875 0.053125 0.065625
33 0.86875 0.45546875 0.046875 0.0546875
28 0.10546875 0.32734375 0.065625 0.071875
19 0.509375 0.4 0.0484375 0.0609375
38 0.15703125 0.3375 0.0609375 0.0703125
33 0.81875 0.4484375 0.0484375 0.05625