20 0.44765625 0.49765625 0.0625 0.078125
18 0.653125 0.4796875 0.065625 0.0796875
18 0.72421875 0.478125 0.06875 0.075
20 0.246875 0.5125 0.05625 0.078125
21 0.3140625 0.5078125 0.0625 0.0734375
21 0.5140625 0.49296875 0.0625 0.0734375
25 0.86640625 0.47109375 0.0671875 0.0890625
22 0.38046875 0.50234375 0.059375 0.0703125
26 0.9375 0.4671875 0.08125 0.0890625
22 0.5859375 0.48671875 0.065625 0.075
24 0.79296875 0.47734375 0.06875 0.0859375
33 0.11171875 0.5171875 0.0578125 0.071875
33 0.17734375 0.515625 0.0578125 0.0703125
33 0.04765625 0.52109375 0.0546875 0.0734375