21 0.715625 0.52734375 0.053125 0.0671875
21 0.77265625 0.5265625 0.0546875 0.065625
25 0.45 0.53359375 0.046875 0.065625
23 0.34921875 0.53515625 0.046875 0.0640625
25 0.88828125 0.52265625 0.05625 0.0703125
26 0.6046875 0.52578125 0.053125 0.065625
25 0.82890625 0.52421875 0.0546875 0.0703125
24 0.4015625 0.53203125 0.053125 0.0640625
26 0.5515625 0.52734375 0.053125 0.065625
21 0.66015625 0.528125 0.0515625 0.0640625
26 0.50078125 0.53125 0.0515625 0.065625
19 0.20703125 0.5375 0.040625 0.0578125
19 0.25390625 0.5375 0.0453125 0.059375
28 0.1609375 0.5390625 0.046875 0.05625
38 0.11328125 0.5390625 0.0515625 0.059375
19 0.2984375 0.5375 0.04375 0.0609375