23 0.61953125 0.38671875 0.053125 0.065625
20 0.315625 0.44765625 0.0546875 0.0671875
20 0.5703125 0.39765625 0.0578125 0.0671875
20 0.4671875 0.41484375 0.053125 0.0640625
20 0.51796875 0.4046875 0.05625 0.0640625
18 0.21484375 0.46796875 0.059375 0.06875
36 0.41640625 0.42890625 0.0515625 0.0625
29 0.11328125 0.48828125 0.06875 0.0765625
36 0.36640625 0.43828125 0.0515625 0.0625
25 0.71875 0.365625 0.053125 0.065625
24 0.66640625 0.375 0.059375 0.06875
19 0.265625 0.4609375 0.0546875 0.0671875
28 0.1671875 0.48046875 0.0609375 0.075
33 0.82109375 0.33671875 0.0515625 0.059375
33 0.875 0.32421875 0.0515625 0.0609375
33 0.76953125 0.35 0.0484375 0.0578125