20 0.44765625 0.50078125 0.0671875 0.08125
18 0.6515625 0.46875 0.0703125 0.0828125
18 0.721875 0.4625 0.071875 0.0796875
20 0.2484375 0.53046875 0.0609375 0.08125
21 0.31484375 0.5203125 0.0671875 0.0765625
21 0.5140625 0.4921875 0.065625 0.0765625
25 0.86328125 0.4453125 0.071875 0.0921875
22 0.38046875 0.5109375 0.0625 0.0734375
26 0.934375 0.43671875 0.0875 0.09375
22 0.58515625 0.48125 0.0703125 0.0796875
24 0.790625 0.45703125 0.075 0.090625
33 0.1140625 0.54453125 0.0609375 0.075
33 0.1796875 0.53828125 0.0609375 0.0734375
33 0.05 0.55234375 0.059375 0.0765625