21 0.7078125 0.5640625 0.0578125 0.0703125
21 0.7640625 0.5734375 0.059375 0.06875
25 0.4453125 0.525 0.0515625 0.0671875
23 0.3453125 0.50859375 0.0515625 0.065625
25 0.87890625 0.58984375 0.0609375 0.0734375
26 0.5984375 0.54375 0.05625 0.06875
25 0.81953125 0.58125 0.059375 0.0734375
24 0.39765625 0.5140625 0.05625 0.0671875
26 0.54609375 0.5359375 0.05625 0.06875
21 0.653125 0.55546875 0.05625 0.0671875
26 0.4953125 0.53125 0.05625 0.0671875
19 0.2046875 0.4859375 0.04375 0.0609375
19 0.2515625 0.49375 0.0484375 0.0625
28 0.159375 0.4796875 0.05 0.059375
38 0.1125 0.47109375 0.0546875 0.0625
19 0.2953125 0.5015625 0.046875 0.0640625