3 0.6921875 0.50078125 0.05625 0.0671875
25 0.58515625 0.471875 0.05625 0.0671875
24 0.91875 0.55859375 0.06875 0.075
29 0.09609375 0.35078125 0.05625 0.0640625
26 0.63984375 0.48515625 0.059375 0.06875
3 0.7484375 0.515625 0.059375 0.0703125
24 0.86015625 0.54296875 0.06875 0.075
19 0.33203125 0.4078125 0.05 0.0625
24 0.803125 0.525 0.0640625 0.0703125
19 0.284375 0.39921875 0.0484375 0.0625
32 0.4828125 0.4453125 0.0546875 0.0640625
24 0.53828125 0.46015625 0.059375 0.0671875
19 0.23828125 0.38671875 0.0484375 0.0625
19 0.190625 0.37421875 0.04375 0.059375
32 0.384375 0.41875 0.05 0.0609375
40 0.1453125 0.36328125 0.0625 0.0671875
32 0.43203125 0.43203125 0.053125 0.0625