5 0.23515625 0.54296875 0.05234375 0.0671875
34 0.8328125 0.5625 0.0578125 0.0734375
1 0.7015625 0.55859375 0.05703125 0.07421875
0 0.63515625 0.55546875 0.0546875 0.07421875
4 0.18046875 0.5421875 0.0515625 0.065625
34 0.903125 0.5640625 0.053125 0.0703125
7 0.51875 0.5515625 0.0515625 0.07109375
36 0.3421875 0.54765625 0.04765625 0.06484375
8 0.57421875 0.55546875 0.05078125 0.071875
2 0.76875 0.5609375 0.05859375 0.07421875
6 0.45703125 0.55078125 0.04921875 0.06640625
36 0.3984375 0.5484375 0.0453125 0.0625
36 0.2859375 0.54609375 0.04453125 0.0625
3 0.13046875 0.53984375 0.05078125 0.06484375
27 0.075 0.540625 0.04765625 0.06640625