23 0.38125 0.40859375 0.0484375 0.0640625
20 0.27890625 0.41875 0.046875 0.0609375
18 0.17578125 0.42578125 0.053125 0.0640625
20 0.5359375 0.3953125 0.0515625 0.0640625
22 0.32890625 0.41015625 0.04375 0.053125
37 0.6375 0.38671875 0.0546875 0.0671875
37 0.74296875 0.3796875 0.05625 0.0671875
19 0.2265625 0.425 0.05 0.0640625
21 0.58671875 0.390625 0.05 0.0625
24 0.43203125 0.4046875 0.0484375 0.0640625
37 0.68984375 0.38359375 0.0515625 0.0640625
33 0.84453125 0.36171875 0.046875 0.0546875
28 0.07421875 0.43515625 0.065625 0.0703125
19 0.4828125 0.4015625 0.046875 0.0609375
38 0.1265625 0.43203125 0.0609375 0.0703125
33 0.79453125 0.36796875 0.0484375 0.0546875