23 0.6421875 0.41640625 0.03984375 0.05859375
20 0.33203125 0.4078125 0.04296875 0.059375
20 0.59140625 0.41640625 0.04609375 0.0578125
20 0.4875 0.409375 0.04140625 0.05546875
20 0.5390625 0.4109375 0.04453125 0.05625
18 0.2296875 0.4046875 0.0453125 0.0609375
36 0.434375 0.41171875 0.040625 0.05390625
29 0.12578125 0.4015625 0.05546875 0.06640625
36 0.38359375 0.41015625 0.040625 0.0546875
25 0.74375 0.41796875 0.03984375 0.0578125
24 0.690625 0.415625 0.04609375 0.059375
19 0.28046875 0.409375 0.0421875 0.06015625
28 0.1796875 0.40625 0.0484375 0.06484375
33 0.84921875 0.41328125 0.040625 0.0515625
33 0.9046875 0.41328125 0.040625 0.053125
33 0.79609375 0.4140625 0.03828125 0.05078125