23 0.29765625 0.4484375 0.0578125 0.075
20 0.6453125 0.4859375 0.0578125 0.065625
20 0.53125 0.4765625 0.05625 0.0703125
21 0.4734375 0.46640625 0.05625 0.0703125
21 0.1796875 0.43046875 0.05625 0.0703125
20 0.584375 0.47890625 0.0578125 0.0671875
22 0.23984375 0.4375 0.0578125 0.071875
26 0.8125 0.50859375 0.0640625 0.0734375
21 0.35859375 0.4546875 0.05625 0.071875
32 0.86640625 0.5140625 0.059375 0.071875
32 0.925 0.52265625 0.059375 0.0734375
21 0.41328125 0.4625 0.0578125 0.0734375
25 0.75390625 0.50234375 0.0578125 0.075
24 0.696875 0.49453125 0.0609375 0.075
29 0.11953125 0.4234375 0.071875 0.08125