20 0.5265625 0.490625 0.046875 0.0625
21 0.5796875 0.4875 0.046875 0.05625
18 0.30859375 0.490625 0.0453125 0.05625
18 0.25859375 0.490625 0.0453125 0.05625
18 0.20625 0.49140625 0.04375 0.0578125
31 0.41875 0.490625 0.04375 0.05625
22 0.63828125 0.4875 0.0453125 0.05625
34 0.81015625 0.48359375 0.0484375 0.0609375
34 0.93125 0.48203125 0.046875 0.0640625
34 0.86953125 0.48203125 0.05 0.0640625
31 0.46875 0.490625 0.04375 0.05625
31 0.3640625 0.49140625 0.040625 0.05625
39 0.153125 0.49296875 0.05 0.0609375
24 0.6921875 0.48671875 0.05 0.065625
24 0.7484375 0.4859375 0.05 0.065625
27 0.04921875 0.48984375 0.0484375 0.0609375
30 0.10234375 0.4921875 0.0484375 0.0625