41 0.15546875 0.48125 0.0515625 0.0625
20 0.7953125 0.48125 0.0484375 0.059375
20 0.846875 0.48125 0.0515625 0.0609375
8 0.54296875 0.48046875 0.04375 0.0625
20 0.90390625 0.48125 0.059375 0.065625
8 0.59375 0.48046875 0.04375 0.0625
32 0.74296875 0.48046875 0.046875 0.0609375
24 0.34765625 0.47890625 0.04375 0.0609375
32 0.690625 0.48203125 0.0484375 0.059375
8 0.64375 0.4796875 0.0453125 0.0625
24 0.296875 0.47890625 0.04375 0.0609375
24 0.2484375 0.47890625 0.040625 0.059375
30 0.20390625 0.48046875 0.0484375 0.0625
27 0.103125 0.48046875 0.05625 0.0609375
15 0.49453125 0.4828125 0.04375 0.0609375
15 0.44453125 0.48203125 0.0421875 0.0609375
15 0.39453125 0.478125 0.040625 0.0609375