1 0.31640625 0.55 0.0546875 0.075
29 0.0921875 0.5140625 0.0578125 0.0671875
8 0.909375 0.64296875 0.0734375 0.078125
8 0.48515625 0.5765625 0.059375 0.0703125
1 0.37265625 0.55859375 0.0484375 0.0703125
0 0.259375 0.5421875 0.059375 0.0734375
0 0.2046875 0.53125 0.0578125 0.0734375
1 0.42890625 0.56796875 0.053125 0.06875
6 0.78359375 0.62265625 0.0609375 0.0734375
6 0.7234375 0.6140625 0.0625 0.0765625
7 0.54453125 0.58515625 0.0609375 0.075
8 0.8421875 0.634375 0.0703125 0.078125
6 0.66640625 0.60625 0.0625 0.075
6 0.60390625 0.59453125 0.059375 0.071875
0 0.14921875 0.52421875 0.0578125 0.071875
40 0.03671875 0.503125 0.0671875 0.06875