15 0.71953125 0.609375 0.0625 0.1046875
15 0.66015625 0.61015625 0.0625 0.10625
12 0.29375 0.60703125 0.0640625 0.1078125
10 0.171875 0.6046875 0.065625 0.109375
11 0.2328125 0.60703125 0.0640625 0.109375
36 0.59921875 0.6078125 0.0625 0.10625
34 0.89921875 0.60859375 0.059375 0.103125
9 0.10625 0.60625 0.0640625 0.1078125
36 0.540625 0.60703125 0.0609375 0.1078125
14 0.41953125 0.60859375 0.0625 0.10625
13 0.35546875 0.60859375 0.0625 0.10625
34 0.83984375 0.60703125 0.059375 0.1015625
34 0.7796875 0.60859375 0.0609375 0.1046875
36 0.4796875 0.60859375 0.0625 0.1078125
38 0.04375 0.60234375 0.0609375 0.10625