15 0.734375 0.5734375 0.071875 0.109375
15 0.67578125 0.58359375 0.071875 0.109375
12 0.31328125 0.6375 0.0734375 0.1125
10 0.1921875 0.6546875 0.0734375 0.1140625
11 0.253125 0.64765625 0.0734375 0.1140625
36 0.61484375 0.590625 0.071875 0.1109375
34 0.91171875 0.54453125 0.06875 0.1078125
9 0.12734375 0.6671875 0.0734375 0.1125
36 0.55703125 0.59921875 0.0703125 0.1125
14 0.4375 0.6203125 0.071875 0.1109375
13 0.37421875 0.6296875 0.071875 0.1109375
34 0.853125 0.55234375 0.06875 0.10625
34 0.79375 0.56328125 0.0703125 0.109375
36 0.496875 0.6109375 0.071875 0.1125
38 0.065625 0.671875 0.0703125 0.1109375