20 0.5265625 0.490625 0.046875 0.06171875
21 0.5796875 0.4875 0.04765625 0.0578125
18 0.30859375 0.490625 0.04609375 0.0578125
18 0.25859375 0.490625 0.0453125 0.05703125
18 0.20625 0.49140625 0.0453125 0.05859375
31 0.41875 0.490625 0.04375 0.0578125
22 0.63828125 0.4875 0.04609375 0.05625
34 0.81015625 0.48359375 0.0484375 0.06171875
34 0.93125 0.48203125 0.04765625 0.0640625
34 0.86953125 0.48203125 0.05 0.06484375
31 0.46875 0.490625 0.04375 0.0578125
31 0.3640625 0.49140625 0.0421875 0.05625
39 0.153125 0.49296875 0.0484375 0.0609375
24 0.6921875 0.48671875 0.05078125 0.065625
24 0.7484375 0.4859375 0.05078125 0.0671875
27 0.04921875 0.48984375 0.04765625 0.06171875
30 0.10234375 0.4921875 0.0484375 0.0625