20 0.52578125 0.4890625 0.0515625 0.065625
21 0.57890625 0.48203125 0.0515625 0.059375
18 0.30859375 0.50390625 0.05 0.059375
18 0.25859375 0.5078125 0.0484375 0.059375
18 0.20625 0.51171875 0.0484375 0.0609375
31 0.41796875 0.49609375 0.046875 0.059375
22 0.63671875 0.478125 0.05 0.059375
34 0.80859375 0.46171875 0.053125 0.0640625
34 0.92890625 0.45234375 0.0515625 0.0671875
34 0.8671875 0.45625 0.0546875 0.0671875
31 0.46796875 0.49296875 0.046875 0.059375
31 0.3640625 0.50078125 0.0453125 0.059375
39 0.153125 0.5171875 0.053125 0.0640625
24 0.690625 0.4734375 0.0546875 0.06875
24 0.746875 0.46875 0.0546875 0.06875
27 0.04921875 0.52109375 0.053125 0.0640625
30 0.103125 0.5203125 0.053125 0.065625