41 0.15703125 0.54140625 0.0609375 0.0703125
20 0.7875 0.43046875 0.0578125 0.065625
20 0.83828125 0.421875 0.0609375 0.0671875
8 0.53828125 0.4734375 0.053125 0.06875
20 0.89453125 0.41171875 0.06875 0.0734375
8 0.58828125 0.46484375 0.0546875 0.06875
32 0.73515625 0.43828125 0.05625 0.0671875
24 0.34609375 0.50625 0.053125 0.0671875
32 0.684375 0.44921875 0.05625 0.065625
8 0.6375 0.4546875 0.0546875 0.0703125
24 0.296875 0.5140625 0.053125 0.0671875
24 0.24921875 0.52265625 0.05 0.0640625
30 0.20546875 0.53203125 0.0578125 0.0703125
27 0.10625 0.54921875 0.065625 0.06875
15 0.49140625 0.484375 0.053125 0.0671875
15 0.4421875 0.4921875 0.0515625 0.065625
15 0.39296875 0.496875 0.0515625 0.065625