1 0.31953125 0.559375 0.0515625 0.071875
29 0.09296875 0.53515625 0.0546875 0.065625
8 0.91640625 0.621875 0.0703125 0.075
8 0.48984375 0.57734375 0.05625 0.0671875
1 0.37578125 0.565625 0.0453125 0.06875
0 0.26171875 0.55546875 0.05625 0.0703125
0 0.20703125 0.546875 0.0546875 0.071875
1 0.4328125 0.571875 0.05 0.0671875
6 0.78984375 0.60703125 0.0578125 0.0703125
6 0.72890625 0.60234375 0.059375 0.0734375
7 0.5484375 0.5828125 0.0578125 0.071875
8 0.8484375 0.615625 0.065625 0.0765625
6 0.671875 0.59765625 0.059375 0.071875
6 0.60859375 0.5890625 0.05625 0.06875
0 0.15078125 0.54296875 0.0546875 0.0703125
40 0.0375 0.52734375 0.0640625 0.0671875