5 0.4859375 0.45390625 0.0703125 0.0890625
5 0.5515625 0.465625 0.06875 0.0890625
1 0.17421875 0.40390625 0.0578125 0.084375
34 0.8171875 0.50546875 0.0609375 0.084375
34 0.884375 0.51484375 0.0640625 0.0859375
8 0.75 0.49453125 0.0765625 0.0921875
2 0.23203125 0.41484375 0.06875 0.0859375
6 0.61640625 0.47578125 0.071875 0.0890625
7 0.68359375 0.48515625 0.0703125 0.0890625
34 0.953125 0.5265625 0.0625 0.0859375
31 0.2953125 0.421875 0.0640625 0.0796875
31 0.4234375 0.44375 0.0640625 0.0828125
39 0.053125 0.38515625 0.0703125 0.084375
31 0.359375 0.4328125 0.0671875 0.084375
0 0.1140625 0.39453125 0.06875 0.0859375