18 0.87265625 0.49765625 0.059375 0.096875
31 0.45234375 0.4703125 0.0578125 0.109375
35 0.1609375 0.446875 0.0546875 0.103125
34 0.33359375 0.4609375 0.0546875 0.1125
31 0.39375 0.4625 0.05625 0.1125
34 0.275 0.45546875 0.05625 0.109375
35 0.21640625 0.4515625 0.05625 0.1046875
32 0.6296875 0.475 0.0546875 0.0859375
37 0.56875 0.47890625 0.0578125 0.115625
37 0.51015625 0.47265625 0.05625 0.115625
18 0.9328125 0.50390625 0.0625 0.10625
2 0.8109375 0.4953125 0.065625 0.1109375
2 0.753125 0.4890625 0.0578125 0.1046875
32 0.6921875 0.4828125 0.05625 0.0890625
39 0.096875 0.44609375 0.0640625 0.1171875