1 0.23203125 0.4765625 0.046875 0.0625
1 0.1328125 0.50234375 0.0515625 0.065625
1 0.18046875 0.48671875 0.05 0.0625
6 0.48515625 0.421875 0.05625 0.065625
6 0.534375 0.409375 0.0578125 0.065625
22 0.38515625 0.44375 0.053125 0.059375
18 0.73828125 0.3609375 0.0578125 0.0640625
19 0.58515625 0.39375 0.0578125 0.065625
19 0.6359375 0.38046875 0.0546875 0.0625
22 0.43515625 0.4265625 0.0515625 0.0578125
22 0.3375 0.45625 0.0546875 0.059375
19 0.68671875 0.37265625 0.05 0.0609375
22 0.2828125 0.46875 0.0546875 0.059375
18 0.78828125 0.34921875 0.0515625 0.05625
18 0.83828125 0.33203125 0.0546875 0.059375