20 0.72109375 0.403125 0.0546875 0.0640625
20 0.78125 0.403125 0.0546875 0.0640625
20 0.4890625 0.39609375 0.046875 0.0609375
34 0.840625 0.40625 0.0515625 0.0640625
34 0.90390625 0.40703125 0.0515625 0.0640625
18 0.3765625 0.3921875 0.053125 0.0609375
26 0.60234375 0.39921875 0.0546875 0.0625
23 0.26953125 0.390625 0.0453125 0.0609375
22 0.21796875 0.3875 0.0515625 0.05625
24 0.31875 0.390625 0.0484375 0.0640625
26 0.5453125 0.3984375 0.053125 0.0640625
26 0.6609375 0.4 0.05625 0.0625
34 0.96953125 0.4078125 0.05 0.0625
41 0.165625 0.390625 0.05 0.0625
19 0.4328125 0.396875 0.046875 0.0625
30 0.11171875 0.38828125 0.0484375 0.0609375
27 0.0609375 0.38203125 0.05 0.0625