6 0.33984375 0.50859375 0.04453125 0.059375
5 0.7921875 0.50078125 0.04921875 0.05859375
5 0.89375 0.4953125 0.05390625 0.05703125
31 0.43984375 0.503125 0.0421875 0.053125
31 0.490625 0.50390625 0.0421875 0.0546875
6 0.24296875 0.5046875 0.04765625 0.06015625
6 0.28984375 0.50859375 0.0453125 0.059375
31 0.39140625 0.50625 0.04296875 0.05390625
5 0.84375 0.49921875 0.04921875 0.0578125
2 0.64140625 0.50078125 0.04140625 0.05703125
2 0.74296875 0.50234375 0.04453125 0.059375
2 0.6921875 0.50390625 0.04375 0.05859375
0 0.58828125 0.50625 0.04140625 0.06328125
0 0.53984375 0.50859375 0.04375 0.0640625