4 0.6 0.4953125 0.053125 0.0625
4 0.5515625 0.4828125 0.053125 0.0609375
25 0.36171875 0.43359375 0.0515625 0.059375
7 0.85234375 0.56640625 0.0609375 0.065625
7 0.79921875 0.55234375 0.0578125 0.065625
25 0.4078125 0.446875 0.0515625 0.0609375
25 0.45625 0.459375 0.0515625 0.0609375
25 0.503125 0.47265625 0.0515625 0.0625
7 0.909375 0.57890625 0.0671875 0.06875
9 0.27421875 0.40625 0.0578125 0.0625
9 0.22734375 0.39375 0.05625 0.0625
28 0.18203125 0.38125 0.05625 0.059375
0 0.6953125 0.52265625 0.0546875 0.0640625
41 0.75 0.53515625 0.0578125 0.065625
41 0.64765625 0.50859375 0.0546875 0.0640625