17 0.26015625 0.4484375 0.053125 0.065625
31 0.54765625 0.46171875 0.053125 0.065625
35 0.72109375 0.46328125 0.053125 0.0625
35 0.77890625 0.465625 0.053125 0.0625
31 0.60390625 0.4640625 0.053125 0.065625
34 0.8375 0.47109375 0.0546875 0.0640625
31 0.490625 0.45546875 0.053125 0.065625
35 0.6625 0.4609375 0.053125 0.0625
11 0.4328125 0.453125 0.053125 0.0671875
9 0.32109375 0.45234375 0.053125 0.0609375
34 0.9 0.47421875 0.05625 0.0640625
10 0.3765625 0.44921875 0.0515625 0.0671875
17 0.20703125 0.446875 0.053125 0.0640625
17 0.15078125 0.4421875 0.05625 0.0671875
39 0.09609375 0.4453125 0.05625 0.0625