18 0.871875 0.471875 0.053125 0.09375
31 0.45 0.4734375 0.05 0.10625
35 0.1578125 0.4703125 0.046875 0.1
34 0.33125 0.47265625 0.046875 0.109375
31 0.39140625 0.4703125 0.0484375 0.109375
34 0.27265625 0.47109375 0.0484375 0.10625
35 0.2140625 0.47109375 0.05 0.1015625
32 0.62734375 0.46640625 0.0484375 0.0828125
37 0.5671875 0.47421875 0.05 0.1125
37 0.50859375 0.471875 0.0484375 0.1125
18 0.93203125 0.4734375 0.0546875 0.103125
2 0.81015625 0.4734375 0.0578125 0.10625
2 0.7515625 0.47109375 0.05 0.1015625
32 0.690625 0.46953125 0.05 0.0859375
39 0.09375 0.47421875 0.05625 0.1140625