17 0.1203125 0.4828125 0.05390625 0.08671875
17 0.18125 0.48359375 0.05234375 0.084375
21 0.2421875 0.4734375 0.05 0.07890625
35 0.7953125 0.4875 0.03984375 0.06640625
35 0.7484375 0.48125 0.0375 0.06875
35 0.70625 0.47734375 0.03671875 0.06796875
11 0.5140625 0.48671875 0.04296875 0.07734375
21 0.35625 0.478125 0.04765625 0.0765625
21 0.29765625 0.4765625 0.05 0.078125
13 0.6125 0.48359375 0.040625 0.075
13 0.56171875 0.48203125 0.0421875 0.0765625
13 0.6609375 0.4828125 0.03984375 0.07421875
32 0.8984375 0.08359375 0.05234375 0.04921875
11 0.46015625 0.47421875 0.04375 0.078125
11 0.4078125 0.4796875 0.0453125 0.0796875
32 0.89609375 0.04140625 0.05078125 0.0484375
18 0.8875 0.0109375 0.05625 0.02109375
15 0.971875 0.14609375 0.05625 0.05625
15 0.96171875 0.090625 0.059375 0.04609375
32 0.91484375 0.13203125 0.05390625 0.04609375
32 0.55 0.05625 0.04609375 0.06640625