21 0.4890625 0.39765625 0.053125 0.0671875
21 0.43359375 0.403125 0.053125 0.0671875
26 0.26796875 0.41953125 0.0546875 0.0671875
31 0.66484375 0.37890625 0.05625 0.0703125
21 0.378125 0.4078125 0.0515625 0.0640625
31 0.725 0.37421875 0.0578125 0.0703125
0 0.6046875 0.3859375 0.05625 0.06875
31 0.78671875 0.36796875 0.059375 0.0703125
26 0.2125 0.42578125 0.053125 0.065625
35 0.9140625 0.35859375 0.05625 0.071875
35 0.846875 0.3609375 0.05625 0.06875
30 0.1578125 0.43125 0.059375 0.0703125
0 0.54609375 0.39140625 0.0546875 0.0671875
26 0.321875 0.4140625 0.0546875 0.0671875
35 0.96875 0.35078125 0.0421875 0.0703125
40 0.1046875 0.43984375 0.0609375 0.0703125
38 0.053125 0.44140625 0.0640625 0.0703125