21 0.6171875 0.4921875 0.04453125 0.059375
21 0.51640625 0.48984375 0.04375 0.05703125
21 0.4671875 0.48984375 0.04296875 0.0546875
21 0.5671875 0.49140625 0.04375 0.06015625
23 0.21015625 0.4875 0.0453125 0.059375
23 0.26171875 0.4890625 0.04375 0.0625
23 0.15703125 0.4890625 0.04609375 0.06171875
19 0.41640625 0.49296875 0.03984375 0.059375
39 0.103125 0.4875 0.05234375 0.0625
25 0.82421875 0.496875 0.04375 0.065625
19 0.365625 0.49140625 0.0421875 0.06015625
20 0.66875 0.4859375 0.046875 0.06171875
25 0.87578125 0.49296875 0.04609375 0.06640625
19 0.3109375 0.49296875 0.03984375 0.0609375
20 0.77265625 0.4953125 0.04765625 0.06328125
20 0.7234375 0.49375 0.04921875 0.06953125