22 0.76796875 0.4140625 0.0546875 0.05625
4 0.3859375 0.35859375 0.0578125 0.065625
23 0.82109375 0.4203125 0.05625 0.0625
1 0.1515625 0.3421875 0.046875 0.0640625
2 0.2671875 0.35 0.053125 0.0640625
8 0.71484375 0.40859375 0.059375 0.0625
1 0.21015625 0.34609375 0.05 0.0640625
8 0.66015625 0.39453125 0.053125 0.0609375
6 0.43828125 0.37109375 0.0578125 0.0640625
7 0.55 0.38515625 0.059375 0.065625
7 0.6046875 0.3921875 0.05625 0.0640625
6 0.49609375 0.378125 0.05625 0.0640625
24 0.8734375 0.42734375 0.0609375 0.0609375
3 0.3296875 0.35234375 0.053125 0.0640625