21 0.41953125 0.55 0.0484375 0.05625
23 0.7359375 0.575 0.0484375 0.0640625
21 0.3671875 0.54765625 0.05 0.0578125
21 0.471875 0.55390625 0.0484375 0.0578125
23 0.78984375 0.578125 0.0484375 0.0625
26 0.9078125 0.58828125 0.0640625 0.0640625
35 0.2640625 0.540625 0.0421875 0.0546875
26 0.84765625 0.5859375 0.05625 0.0640625
23 0.684375 0.5703125 0.0484375 0.0640625
35 0.31171875 0.54453125 0.0421875 0.053125
19 0.6265625 0.56640625 0.04375 0.059375
41 0.165625 0.53046875 0.0515625 0.05625
19 0.5765625 0.56015625 0.046875 0.059375
19 0.52265625 0.55546875 0.0375 0.05625
35 0.2140625 0.5359375 0.040625 0.059375
30 0.11171875 0.52578125 0.05625 0.0578125