17 0.259375 0.45234375 0.0515625 0.0640625
31 0.546875 0.4609375 0.0515625 0.0640625
35 0.7203125 0.459375 0.0515625 0.0609375
35 0.778125 0.46015625 0.0515625 0.0625
31 0.603125 0.4625 0.0515625 0.065625
34 0.83671875 0.46484375 0.053125 0.0640625
31 0.48984375 0.45625 0.0515625 0.0640625
35 0.66171875 0.4578125 0.0515625 0.0625
11 0.43203125 0.4546875 0.0515625 0.065625
9 0.3203125 0.45546875 0.0515625 0.059375
34 0.9 0.4671875 0.0546875 0.0640625
10 0.37578125 0.45078125 0.05 0.065625
17 0.20625 0.45234375 0.0515625 0.0640625
17 0.15 0.44765625 0.0546875 0.065625
39 0.0953125 0.45234375 0.0546875 0.0609375