12 0.31171875 0.37265625 0.0578125 0.0703125
16 0.4140625 0.40234375 0.0578125 0.071875
12 0.2078125 0.34296875 0.0578125 0.0703125
16 0.36328125 0.38828125 0.0578125 0.0703125
16 0.4640625 0.41640625 0.0578125 0.0703125
4 0.81640625 0.509375 0.0609375 0.06875
4 0.91875 0.53984375 0.06875 0.0734375
16 0.5171875 0.43125 0.0546875 0.06875
13 0.76484375 0.49453125 0.0609375 0.071875
4 0.86328125 0.5234375 0.059375 0.0671875
12 0.259375 0.35859375 0.0578125 0.071875
13 0.71640625 0.4828125 0.059375 0.071875
30 0.15625 0.328125 0.0640625 0.071875
27 0.103125 0.31171875 0.0640625 0.075
0 0.56484375 0.44296875 0.059375 0.071875
0 0.615625 0.45390625 0.05625 0.065625
0 0.665625 0.46953125 0.0609375 0.06875