26 0.1171875 0.5375 0.0515625 0.05625
26 0.221875 0.53515625 0.05234375 0.05546875
36 0.43359375 0.5359375 0.04140625 0.05390625
36 0.5421875 0.534375 0.04375 0.05390625
36 0.48828125 0.53203125 0.0453125 0.05703125
26 0.16796875 0.5359375 0.05234375 0.05546875
8 0.378125 0.53671875 0.0453125 0.05546875
35 0.77421875 0.53359375 0.05078125 0.05859375
3 0.8328125 0.5328125 0.05078125 0.059375
36 0.5984375 0.534375 0.04453125 0.0515625
35 0.715625 0.53203125 0.046875 0.05546875
8 0.32578125 0.534375 0.04765625 0.05625
3 0.89375 0.53125 0.05703125 0.0625
39 0.065625 0.5390625 0.05078125 0.05703125
8 0.2734375 0.53671875 0.04765625 0.05546875
35 0.65703125 0.53515625 0.0453125 0.053125