17 0.2578125 0.4609375 0.05078125 0.06171875
31 0.5453125 0.459375 0.05 0.0640625
35 0.71875 0.4515625 0.0484375 0.06015625
35 0.7765625 0.45078125 0.04921875 0.06015625
31 0.6015625 0.45859375 0.05 0.06328125
34 0.83515625 0.453125 0.0515625 0.0609375
31 0.48828125 0.45625 0.05 0.0625
35 0.66015625 0.45234375 0.05 0.06015625
11 0.43046875 0.45703125 0.05 0.0640625
9 0.31875 0.46171875 0.0484375 0.05859375
34 0.8984375 0.453125 0.053125 0.0609375
10 0.37421875 0.45546875 0.0484375 0.0640625
17 0.2046875 0.4625 0.04921875 0.06171875
17 0.1484375 0.46015625 0.0515625 0.06484375
39 0.09375 0.46640625 0.05390625 0.059375