12 0.5234375 0.50234375 0.0609375 0.0734375
12 0.6359375 0.5265625 0.059375 0.071875
12 0.57890625 0.5140625 0.059375 0.0734375
1 0.6953125 0.5390625 0.053125 0.071875
1 0.75234375 0.55078125 0.05625 0.071875
9 0.18125 0.43125 0.0671875 0.075
3 0.80703125 0.56171875 0.0640625 0.0734375
3 0.86484375 0.575 0.065625 0.0734375
8 0.4078125 0.4796875 0.0625 0.075
9 0.2375 0.44453125 0.06875 0.078125
3 0.92421875 0.58515625 0.0734375 0.0765625
8 0.3515625 0.46640625 0.06875 0.0765625
29 0.12265625 0.4203125 0.06875 0.0734375
8 0.4625 0.490625 0.0625 0.0734375
39 0.06796875 0.40546875 0.0640625 0.075
9 0.29375 0.4546875 0.0640625 0.0734375