12 0.52265625 0.4953125 0.0578125 0.071875
12 0.6375 0.4828125 0.05625 0.0703125
12 0.5796875 0.4890625 0.0578125 0.071875
1 0.69765625 0.4765625 0.0515625 0.0703125
1 0.75546875 0.4703125 0.053125 0.071875
9 0.17578125 0.5328125 0.065625 0.0734375
3 0.8109375 0.4640625 0.0609375 0.071875
3 0.8703125 0.4578125 0.0640625 0.071875
8 0.40546875 0.509375 0.0609375 0.0734375
9 0.23359375 0.528125 0.0671875 0.0765625
3 0.9296875 0.45 0.071875 0.075
8 0.3484375 0.5140625 0.0671875 0.075
29 0.11640625 0.540625 0.065625 0.071875
8 0.46171875 0.50234375 0.0609375 0.071875
39 0.059375 0.54375 0.0625 0.0734375
9 0.28984375 0.52109375 0.0609375 0.071875