17 0.125 0.5625 0.0703125 0.096875
17 0.18515625 0.55 0.06875 0.09375
21 0.2421875 0.52734375 0.065625 0.0875
35 0.7859375 0.4265625 0.053125 0.0734375
35 0.7390625 0.4296875 0.0515625 0.075
35 0.696875 0.43515625 0.05 0.0734375
11 0.5109375 0.484375 0.0578125 0.084375
21 0.3546875 0.50859375 0.0609375 0.0828125
21 0.296875 0.51953125 0.065625 0.0875
13 0.60625 0.4609375 0.0546875 0.08125
13 0.55625 0.46953125 0.0578125 0.084375
13 0.65390625 0.45 0.0546875 0.08125
32 0.803125 0.01953125 0.0625 0.0390625
11 0.45546875 0.4828125 0.059375 0.0859375
11 0.40546875 0.49921875 0.0625 0.0859375
15 0.88828125 0.05546875 0.0671875 0.0671875
15 0.86640625 0.01640625 0.0671875 0.0328125
32 0.82890625 0.05390625 0.0625 0.05625
32 0.45703125 0.05546875 0.059375 0.0734375