31 0.61484375 0.43125 0.0578125 0.0703125
31 0.675 0.42265625 0.0578125 0.0703125
34 0.73515625 0.4140625 0.0578125 0.0703125
34 0.8015625 0.40546875 0.0578125 0.0703125
7 0.38203125 0.459375 0.0546875 0.0671875
34 0.86328125 0.396875 0.05625 0.06875
33 0.55390625 0.43828125 0.0546875 0.06875
33 0.43828125 0.453125 0.053125 0.0671875
7 0.32421875 0.46640625 0.0546875 0.0671875
33 0.49609375 0.44609375 0.053125 0.06875
0 0.26875 0.47421875 0.0546875 0.0671875
0 0.209375 0.48125 0.0578125 0.0703125
0 0.15546875 0.48828125 0.0546875 0.071875
41 0.10234375 0.49453125 0.059375 0.0703125