5 0.78984375 0.3671875 0.0765625 0.090625
4 0.72421875 0.37265625 0.0703125 0.0890625
8 0.35390625 0.42734375 0.0609375 0.0828125
8 0.41328125 0.41953125 0.0640625 0.084375
8 0.29609375 0.43515625 0.0640625 0.084375
6 0.859375 0.35078125 0.0734375 0.0890625
2 0.534375 0.40546875 0.06875 0.0875
3 0.6609375 0.38671875 0.071875 0.090625
2 0.596875 0.3953125 0.06875 0.0875
6 0.925 0.3375 0.075 0.0890625
2 0.4734375 0.41484375 0.0625 0.0859375
7 0.2359375 0.44453125 0.0625 0.084375
7 0.12265625 0.4625 0.0640625 0.08125
7 0.17734375 0.45390625 0.0640625 0.08125
41 0.06171875 0.47109375 0.0734375 0.084375