12 0.290625 0.4109375 0.0484375 0.0640625
16 0.396875 0.42109375 0.0484375 0.065625
12 0.18359375 0.4015625 0.0484375 0.0640625
16 0.34453125 0.41640625 0.0484375 0.0640625
16 0.44921875 0.425 0.0484375 0.0640625
4 0.8125 0.44921875 0.05 0.0625
4 0.91875 0.459375 0.059375 0.0640625
16 0.503125 0.42890625 0.0453125 0.0640625
13 0.759375 0.44375 0.0515625 0.0640625
4 0.8609375 0.45390625 0.05 0.0609375
12 0.23671875 0.40703125 0.0484375 0.065625
13 0.709375 0.4421875 0.0484375 0.065625
30 0.1296875 0.396875 0.0546875 0.0640625
27 0.07421875 0.39140625 0.053125 0.0671875
0 0.55234375 0.43125 0.05 0.065625
0 0.6046875 0.4328125 0.0484375 0.059375
0 0.65703125 0.43828125 0.0515625 0.0625