20 0.7171875 0.3953125 0.05234375 0.06328125
20 0.77734375 0.39375 0.05234375 0.06328125
20 0.48515625 0.396875 0.04453125 0.05859375
34 0.8375 0.39453125 0.04921875 0.0625
34 0.90078125 0.39296875 0.05 0.0625
18 0.37265625 0.396875 0.05078125 0.059375
26 0.5984375 0.39609375 0.053125 0.0609375
23 0.265625 0.3984375 0.04296875 0.05859375
22 0.2140625 0.39765625 0.04921875 0.05546875
24 0.31484375 0.396875 0.046875 0.0609375
26 0.54140625 0.396875 0.05234375 0.06171875
26 0.65703125 0.39453125 0.05390625 0.06171875
34 0.96640625 0.39140625 0.04765625 0.0609375
41 0.16171875 0.40234375 0.04921875 0.0609375
19 0.42890625 0.39921875 0.04453125 0.06015625
30 0.1078125 0.4015625 0.046875 0.059375
27 0.05703125 0.39765625 0.04921875 0.06015625