20 0.30703125 0.34453125 0.0609375 0.0765625
10 0.64765625 0.42421875 0.0609375 0.075
18 0.19296875 0.31640625 0.0609375 0.075
34 0.81875 0.46484375 0.059375 0.0734375
10 0.77109375 0.45 0.065625 0.0765625
26 0.49140625 0.3875 0.0625 0.075
37 0.5453125 0.40234375 0.059375 0.0734375
37 0.596875 0.4125 0.059375 0.0734375
24 0.36484375 0.35859375 0.0625 0.0765625
19 0.25078125 0.3296875 0.0625 0.0765625
34 0.93203125 0.4921875 0.0640625 0.0765625
34 0.878125 0.4890625 0.065625 0.0609375
10 0.70703125 0.45078125 0.0734375 0.0671875
25 0.42578125 0.384375 0.078125 0.0640625