18 0.871875 0.471875 0.05390625 0.0953125
31 0.45 0.4734375 0.04921875 0.10546875
35 0.1578125 0.4703125 0.04765625 0.1
34 0.33125 0.47265625 0.046875 0.109375
31 0.39140625 0.4703125 0.0484375 0.11015625
34 0.27265625 0.47109375 0.04765625 0.10625
35 0.2140625 0.47109375 0.04921875 0.10078125
32 0.62734375 0.46640625 0.04921875 0.0828125
37 0.5671875 0.47421875 0.04921875 0.1125
37 0.50859375 0.471875 0.04765625 0.11171875
18 0.93203125 0.4734375 0.05546875 0.1015625
2 0.81015625 0.4734375 0.0578125 0.10703125
2 0.7515625 0.47109375 0.05078125 0.10078125
32 0.690625 0.46953125 0.05078125 0.08671875
39 0.09375 0.47421875 0.05625 0.11484375