5 0.61640625 0.425 0.05 0.0625
8 0.8265625 0.4546875 0.05625 0.0640625
14 0.2828125 0.3765625 0.0453125 0.059375
0 0.88125 0.4609375 0.05625 0.0640625
16 0.46640625 0.4 0.046875 0.0578125
16 0.37421875 0.3859375 0.046875 0.059375
29 0.19296875 0.3625 0.05 0.0625
0 0.93984375 0.4703125 0.0609375 0.065625
17 0.5171875 0.40625 0.0484375 0.0578125
30 0.23984375 0.36796875 0.0515625 0.059375
7 0.771875 0.4453125 0.0546875 0.0609375
4 0.565625 0.41484375 0.05 0.0609375
6 0.7203125 0.4375 0.053125 0.0609375
6 0.66796875 0.42890625 0.053125 0.0609375
15 0.32890625 0.3796875 0.04375 0.0609375
15 0.42265625 0.3921875 0.0453125 0.059375
28 0.14921875 0.35546875 0.05 0.059375
27 0.10546875 0.3484375 0.0578125 0.0609375