20 0.27890625 0.38828125 0.04921875 0.0671875
10 0.62890625 0.3953125 0.04765625 0.06640625
18 0.16171875 0.384375 0.0484375 0.06640625
34 0.8046875 0.39921875 0.04765625 0.065625
10 0.7546875 0.39453125 0.05234375 0.06640625
26 0.46796875 0.3921875 0.05 0.065625
37 0.52421875 0.3953125 0.046875 0.065625
37 0.5765625 0.39453125 0.0453125 0.065625
24 0.33828125 0.38984375 0.05 0.0671875
19 0.22109375 0.38515625 0.05 0.06796875
34 0.92109375 0.40234375 0.05078125 0.06640625
34 0.86796875 0.4109375 0.05625 0.04921875
10 0.6921875 0.40859375 0.06328125 0.0546875
25 0.403125 0.40234375 0.0703125 0.0515625