12 0.85 0.67734375 0.0625 0.075
12 0.19765625 0.5328125 0.0578125 0.0703125
41 0.14765625 0.525 0.0609375 0.0703125
37 0.62265625 0.625 0.0578125 0.071875
34 0.56796875 0.61484375 0.0546875 0.0671875
11 0.79375 0.6640625 0.059375 0.0703125
38 0.0421875 0.4984375 0.0671875 0.071875
9 0.409375 0.57890625 0.0578125 0.06875
9 0.46328125 0.5875 0.05625 0.06875
34 0.5140625 0.60234375 0.0546875 0.065625
13 0.9109375 0.6875 0.065625 0.0765625
29 0.09296875 0.509375 0.05625 0.071875
37 0.734375 0.64921875 0.059375 0.0703125
37 0.68046875 0.6375 0.0609375 0.071875
14 0.2984375 0.55625 0.0546875 0.06875
9 0.35625 0.56484375 0.05625 0.06875
13 0.24609375 0.54453125 0.0578125 0.0703125