21 0.615625 0.478125 0.0515625 0.0640625
21 0.51484375 0.48828125 0.05 0.0625
21 0.46640625 0.49375 0.05 0.059375
21 0.565625 0.48359375 0.0515625 0.065625
23 0.2109375 0.52265625 0.0515625 0.0640625
23 0.2625 0.51796875 0.0515625 0.0671875
23 0.15859375 0.53125 0.053125 0.0671875
19 0.41640625 0.503125 0.046875 0.0640625
39 0.1046875 0.5359375 0.059375 0.06875
25 0.82109375 0.45703125 0.0515625 0.0703125
19 0.365625 0.5078125 0.05 0.065625
20 0.665625 0.465625 0.0546875 0.0671875
25 0.871875 0.446875 0.053125 0.071875
19 0.31171875 0.51640625 0.046875 0.065625
20 0.7703125 0.4625 0.05625 0.06875
20 0.72109375 0.46640625 0.0578125 0.075