6 0.340625 0.5171875 0.0484375 0.0609375
5 0.7921875 0.48515625 0.053125 0.0609375
5 0.89296875 0.475 0.05625 0.059375
31 0.43984375 0.50625 0.0453125 0.0546875
31 0.490625 0.5046875 0.046875 0.05625
6 0.24375 0.51796875 0.0515625 0.0625
6 0.290625 0.51953125 0.0484375 0.0609375
31 0.3921875 0.51171875 0.0453125 0.0546875
5 0.84296875 0.48125 0.053125 0.0609375
2 0.64140625 0.49375 0.0453125 0.059375
2 0.74296875 0.48984375 0.0484375 0.0609375
2 0.6921875 0.49375 0.046875 0.0609375
0 0.58828125 0.5015625 0.0453125 0.0640625
0 0.540625 0.50625 0.046875 0.065625