4 0.58984375 0.45625 0.0515625 0.0609375
4 0.540625 0.4640625 0.05 0.059375
25 0.34609375 0.49296875 0.0484375 0.0578125
7 0.85 0.4234375 0.059375 0.0640625
7 0.7953125 0.43125 0.05625 0.0640625
25 0.39453125 0.48671875 0.05 0.059375
25 0.44375 0.4796875 0.05 0.059375
25 0.4921875 0.4734375 0.05 0.0609375
7 0.9078125 0.41328125 0.0640625 0.0671875
9 0.25546875 0.5015625 0.0546875 0.0609375
9 0.20703125 0.50859375 0.0546875 0.0609375
28 0.1609375 0.515625 0.053125 0.0578125
0 0.68828125 0.44453125 0.053125 0.0625
41 0.74375 0.43515625 0.05625 0.0625
41 0.63984375 0.45 0.053125 0.0625