20 0.68515625 0.34609375 0.0671875 0.0734375
20 0.74375 0.3296875 0.065625 0.0734375
20 0.4609375 0.40390625 0.0578125 0.06875
34 0.80234375 0.315625 0.0640625 0.0734375
34 0.86328125 0.29921875 0.0640625 0.0734375
18 0.3515625 0.43046875 0.0640625 0.0703125
26 0.5703125 0.375 0.065625 0.071875
23 0.24765625 0.4578125 0.05625 0.0671875
22 0.19765625 0.46953125 0.0609375 0.065625
24 0.2953125 0.44453125 0.0609375 0.071875
26 0.51484375 0.38984375 0.065625 0.0734375
26 0.6265625 0.359375 0.0671875 0.071875
34 0.9265625 0.28203125 0.0609375 0.0703125
41 0.1484375 0.48671875 0.0625 0.0703125
19 0.40625 0.41953125 0.0578125 0.0703125
30 0.0953125 0.49921875 0.059375 0.06875
27 0.0453125 0.5078125 0.0625 0.0703125