31 0.628125 0.46328125 0.0609375 0.0734375
31 0.6890625 0.4703125 0.0609375 0.0734375
34 0.74921875 0.478125 0.0609375 0.0734375
34 0.81640625 0.48671875 0.0609375 0.0734375
7 0.39609375 0.4296875 0.0578125 0.06875
34 0.87734375 0.49375 0.059375 0.0703125
33 0.56796875 0.4546875 0.0578125 0.0703125
33 0.453125 0.4390625 0.05625 0.06875
7 0.3390625 0.42265625 0.0578125 0.06875
33 0.51015625 0.446875 0.05625 0.0703125
0 0.28359375 0.41484375 0.0578125 0.06875
0 0.22421875 0.40625 0.0609375 0.0734375
0 0.1703125 0.39921875 0.0578125 0.0734375
41 0.1171875 0.3921875 0.0625 0.0734375