21 0.41171875 0.53515625 0.0578125 0.0640625
23 0.71953125 0.61484375 0.0578125 0.0703125
21 0.3609375 0.52421875 0.0578125 0.0640625
21 0.4625 0.5484375 0.0578125 0.0640625
23 0.771875 0.62734375 0.0578125 0.0703125
26 0.88671875 0.6578125 0.0734375 0.0734375
35 0.2609375 0.49921875 0.05 0.0609375
26 0.82734375 0.64453125 0.065625 0.071875
23 0.66953125 0.6015625 0.0578125 0.0703125
35 0.30703125 0.5109375 0.05 0.059375
19 0.6125 0.5875 0.053125 0.065625
41 0.165625 0.471875 0.059375 0.0640625
19 0.56484375 0.57265625 0.05625 0.065625
19 0.5125 0.5578125 0.046875 0.0625
35 0.2125 0.48515625 0.05 0.065625
30 0.11328125 0.45859375 0.065625 0.065625