21 0.61640625 0.4859375 0.046875 0.0609375
21 0.515625 0.4890625 0.046875 0.059375
21 0.46640625 0.49140625 0.046875 0.05625
21 0.56640625 0.48828125 0.046875 0.0625
23 0.21015625 0.50234375 0.0484375 0.0609375
23 0.26171875 0.5015625 0.046875 0.0640625
23 0.15703125 0.50703125 0.0484375 0.0640625
19 0.41640625 0.49765625 0.0421875 0.0609375
39 0.103125 0.50859375 0.05625 0.065625
25 0.8234375 0.4796875 0.046875 0.0671875
19 0.365625 0.4984375 0.046875 0.0625
20 0.66796875 0.47734375 0.05 0.0640625
25 0.875 0.4734375 0.0484375 0.06875
19 0.3109375 0.503125 0.04375 0.0625
20 0.771875 0.48125 0.0515625 0.065625
20 0.72265625 0.48203125 0.053125 0.071875