12 0.88671875 0.5671875 0.0578125 0.0703125
12 0.2203125 0.61953125 0.053125 0.0671875
41 0.1703125 0.62734375 0.05625 0.0671875
37 0.65390625 0.58359375 0.053125 0.06875
34 0.59921875 0.58984375 0.05 0.0640625
11 0.82890625 0.57109375 0.0546875 0.0671875
38 0.06171875 0.6328125 0.0625 0.06875
9 0.4359375 0.6015625 0.053125 0.065625
9 0.490625 0.59453125 0.0515625 0.065625
34 0.54375 0.59375 0.0515625 0.0625
13 0.94765625 0.559375 0.0609375 0.071875
29 0.11328125 0.628125 0.0515625 0.06875
37 0.76796875 0.57421875 0.0546875 0.0671875
37 0.7125 0.57890625 0.05625 0.06875
14 0.3234375 0.6125 0.05 0.065625
9 0.38125 0.6046875 0.0515625 0.065625
13 0.2703125 0.6171875 0.053125 0.0671875