26 0.13125 0.61015625 0.0625 0.065625
26 0.23359375 0.5875 0.0625 0.0640625
36 0.44140625 0.54765625 0.0515625 0.0609375
36 0.54765625 0.52578125 0.053125 0.0609375
36 0.49453125 0.53359375 0.05625 0.065625
26 0.18125 0.5984375 0.0609375 0.065625
8 0.3875 0.559375 0.053125 0.0625
35 0.77578125 0.48046875 0.0609375 0.0671875
3 0.8328125 0.46875 0.0609375 0.0671875
36 0.603125 0.51484375 0.053125 0.0578125
35 0.71796875 0.490625 0.05625 0.0625
8 0.33515625 0.5671875 0.0578125 0.0640625
3 0.8921875 0.45546875 0.0671875 0.071875
39 0.08125 0.62109375 0.059375 0.065625
8 0.284375 0.57890625 0.05625 0.0625
35 0.6609375 0.5046875 0.0546875 0.0609375