12 0.9625 0.4875 0.0640625 0.075
12 0.834375 0.4984375 0.059375 0.071875
12 0.8953125 0.49296875 0.0625 0.075
4 0.2671875 0.54609375 0.0578125 0.071875
39 0.10859375 0.55703125 0.0609375 0.0703125
4 0.32265625 0.540625 0.0578125 0.06875
8 0.715625 0.5046875 0.0578125 0.071875
4 0.2140625 0.5484375 0.059375 0.0703125
8 0.775 0.5 0.059375 0.0734375
7 0.48671875 0.5234375 0.053125 0.0671875
36 0.65546875 0.51171875 0.0546875 0.065625
7 0.43125 0.528125 0.0578125 0.0703125
7 0.37578125 0.534375 0.0578125 0.0703125
36 0.6 0.51796875 0.05625 0.0640625
27 0.0546875 0.56171875 0.0578125 0.0640625
36 0.54375 0.52109375 0.053125 0.0640625
30 0.16171875 0.5515625 0.0546875 0.06875