5 0.48671875 0.45390625 0.0703125 0.090625
5 0.5515625 0.46640625 0.0703125 0.0890625
1 0.17578125 0.3984375 0.059375 0.084375
34 0.8171875 0.5109375 0.0625 0.0859375
34 0.884375 0.521875 0.065625 0.0859375
8 0.75 0.49921875 0.0765625 0.0921875
2 0.23359375 0.41015625 0.06875 0.0875
6 0.61640625 0.47734375 0.0734375 0.090625
7 0.68359375 0.48828125 0.071875 0.090625
34 0.95234375 0.534375 0.0625 0.0875
31 0.296875 0.41796875 0.065625 0.0796875
31 0.42421875 0.4421875 0.065625 0.0828125
39 0.05546875 0.37734375 0.071875 0.084375
31 0.3609375 0.43046875 0.06875 0.0859375
0 0.115625 0.3875 0.0703125 0.0875