12 0.078125 0.32734375 0.078125 0.0890625
12 0.13984375 0.34453125 0.078125 0.090625
12 0.20390625 0.36171875 0.0765625 0.0890625
31 0.66953125 0.49453125 0.0796875 0.09375
31 0.73828125 0.5140625 0.08125 0.09375
31 0.8078125 0.53359375 0.078125 0.090625
35 0.88046875 0.55546875 0.0734375 0.0890625
22 0.39921875 0.4171875 0.071875 0.0765625
22 0.3359375 0.39921875 0.0734375 0.078125
22 0.26875 0.3796875 0.071875 0.078125
35 0.95 0.575 0.0703125 0.0828125
33 0.53125 0.45546875 0.075 0.0875
33 0.46484375 0.4359375 0.071875 0.0828125
33 0.60078125 0.47578125 0.0734375 0.0875