23 0.51015625 0.53046875 0.053125 0.065625
25 0.61171875 0.55546875 0.0515625 0.065625
24 0.7109375 0.578125 0.0578125 0.0671875
24 0.659375 0.565625 0.0578125 0.065625
26 0.1734375 0.44140625 0.0640625 0.065625
24 0.56171875 0.53984375 0.0546875 0.0640625
26 0.26953125 0.46640625 0.0609375 0.065625
24 0.7609375 0.59140625 0.059375 0.0671875
26 0.22109375 0.453125 0.0625 0.0671875
31 0.8640625 0.6203125 0.0609375 0.0671875
31 0.8109375 0.60703125 0.05625 0.065625
19 0.41640625 0.50546875 0.05 0.0625
19 0.31875 0.48046875 0.0515625 0.0640625
19 0.365625 0.49140625 0.0546875 0.0640625
19 0.46484375 0.51328125 0.0453125 0.059375
41 0.0734375 0.415625 0.0625 0.06875
41 0.12578125 0.42734375 0.0578125 0.065625