12 0.95390625 0.59140625 0.0625 0.0734375
12 0.82578125 0.5734375 0.0578125 0.0703125
12 0.88671875 0.58203125 0.0609375 0.0734375
4 0.2625 0.4921875 0.05625 0.0703125
39 0.10625 0.4671875 0.059375 0.06875
4 0.31796875 0.5 0.05625 0.0671875
8 0.70859375 0.553125 0.05625 0.0703125
4 0.21015625 0.4828125 0.0578125 0.06875
8 0.76796875 0.56171875 0.0578125 0.071875
7 0.48125 0.5203125 0.0515625 0.0671875
36 0.64921875 0.54609375 0.053125 0.065625
7 0.4265625 0.51171875 0.05625 0.06875
7 0.37109375 0.50546875 0.05625 0.0703125
36 0.59296875 0.53984375 0.05625 0.0640625
27 0.05234375 0.46015625 0.0578125 0.0625
36 0.5375 0.53046875 0.053125 0.0640625
30 0.15859375 0.47421875 0.053125 0.06875