1 0.26015625 0.378125 0.0421875 0.0609375
1 0.15859375 0.3640625 0.046875 0.0625
1 0.20859375 0.3671875 0.0453125 0.0609375
6 0.515625 0.421875 0.0515625 0.0625
6 0.56640625 0.42890625 0.053125 0.0625
22 0.41484375 0.40546875 0.0484375 0.05625
18 0.77265625 0.46015625 0.053125 0.0609375
19 0.61875 0.43359375 0.053125 0.0625
19 0.67109375 0.440625 0.05 0.059375
22 0.4671875 0.4078125 0.046875 0.0546875
22 0.365625 0.3984375 0.05 0.05625
19 0.7203125 0.45234375 0.04375 0.0578125
22 0.31015625 0.38984375 0.05 0.05625
18 0.82421875 0.46796875 0.0484375 0.053125
18 0.8765625 0.47109375 0.05 0.0546875