21 0.5 0.396875 0.046875 0.0609375
21 0.44375 0.396875 0.04765625 0.06171875
26 0.27734375 0.3953125 0.0484375 0.06171875
31 0.6765625 0.396875 0.05 0.065625
21 0.38828125 0.3953125 0.04609375 0.059375
31 0.73671875 0.3984375 0.05234375 0.0640625
0 0.61640625 0.39765625 0.05 0.0640625
31 0.79921875 0.3984375 0.053125 0.0640625
26 0.221875 0.39609375 0.04765625 0.0609375
35 0.9265625 0.40234375 0.05 0.0671875
35 0.859375 0.39765625 0.05 0.0640625
30 0.1671875 0.39609375 0.053125 0.065625
0 0.55703125 0.396875 0.04765625 0.0640625
26 0.33203125 0.39609375 0.04921875 0.0625
35 0.98203125 0.40078125 0.0359375 0.06796875
40 0.11328125 0.39921875 0.05546875 0.06484375
38 0.06171875 0.3953125 0.05703125 0.0640625