0 0.6609375 0.43125 0.0609375 0.0765625
0 0.72890625 0.4296875 0.0640625 0.0796875
0 0.80234375 0.42890625 0.065625 0.08125
6 0.87421875 0.42890625 0.06875 0.084375
6 0.94765625 0.42734375 0.071875 0.0859375
32 0.52734375 0.43046875 0.059375 0.0765625
32 0.5953125 0.43046875 0.059375 0.075
2 0.134375 0.43359375 0.0578125 0.08125
32 0.4578125 0.43046875 0.0609375 0.078125
2 0.196875 0.43515625 0.0578125 0.0796875
2 0.06875 0.42890625 0.059375 0.0796875
14 0.39296875 0.434375 0.059375 0.078125
14 0.325 0.43359375 0.0609375 0.08125
14 0.2609375 0.434375 0.059375 0.08125