5 0.609375 0.415625 0.0453125 0.059375
8 0.821875 0.42578125 0.0515625 0.059375
14 0.27265625 0.39609375 0.040625 0.05625
0 0.8765625 0.428125 0.0515625 0.059375
16 0.4578125 0.403125 0.0421875 0.0546875
16 0.3640625 0.39765625 0.0421875 0.05625
29 0.18203125 0.38984375 0.0453125 0.059375
0 0.93515625 0.43203125 0.05625 0.0609375
17 0.50859375 0.4046875 0.04375 0.0546875
30 0.2296875 0.39140625 0.046875 0.05625
7 0.76640625 0.421875 0.05 0.0578125
4 0.5578125 0.41015625 0.0453125 0.0578125
6 0.7140625 0.41796875 0.0484375 0.0578125
6 0.6609375 0.41484375 0.0484375 0.0578125
15 0.31953125 0.3953125 0.0390625 0.0578125
15 0.41328125 0.39921875 0.040625 0.05625
28 0.13828125 0.38671875 0.0453125 0.05625
27 0.09375 0.38359375 0.053125 0.05625