17 0.12421875 0.55546875 0.06875 0.0953125
17 0.18359375 0.54453125 0.06875 0.0921875
21 0.2421875 0.5234375 0.0640625 0.0859375
35 0.7875 0.43125 0.0515625 0.071875
35 0.740625 0.434375 0.05 0.075
35 0.6984375 0.43828125 0.05 0.0734375
11 0.5109375 0.484375 0.0578125 0.084375
21 0.3546875 0.50625 0.0609375 0.0828125
21 0.296875 0.515625 0.0640625 0.0859375
13 0.60703125 0.4625 0.0546875 0.08125
13 0.55703125 0.4703125 0.05625 0.0828125
13 0.6546875 0.45234375 0.0546875 0.08125
32 0.81171875 0.021875 0.0609375 0.04375
11 0.45625 0.48203125 0.0578125 0.084375
11 0.40546875 0.49765625 0.0609375 0.0859375
15 0.8953125 0.0625 0.065625 0.065625
15 0.87421875 0.01953125 0.0671875 0.0390625
32 0.83671875 0.059375 0.0625 0.0546875
32 0.4640625 0.0546875 0.0578125 0.0734375