21 0.4203125 0.5515625 0.0484375 0.05546875
23 0.7375 0.57109375 0.04765625 0.0625
21 0.36796875 0.55 0.04921875 0.05625
21 0.47265625 0.5546875 0.04765625 0.05625
23 0.79140625 0.5734375 0.046875 0.06171875
26 0.909375 0.58125 0.06171875 0.0640625
35 0.26484375 0.54453125 0.040625 0.0546875
26 0.84921875 0.5796875 0.05546875 0.0625
23 0.6859375 0.5671875 0.04609375 0.0625
35 0.3125 0.54765625 0.040625 0.053125
19 0.62734375 0.5640625 0.04296875 0.0578125
41 0.16640625 0.5359375 0.05 0.05546875
19 0.57734375 0.55859375 0.0453125 0.05859375
19 0.5234375 0.5546875 0.03671875 0.05625
35 0.21484375 0.540625 0.03984375 0.05859375
30 0.1125 0.5328125 0.05546875 0.05625