6 0.34140625 0.475 0.05625 0.0671875
5 0.7859375 0.56171875 0.0609375 0.0671875
5 0.8859375 0.57734375 0.0640625 0.065625
31 0.440625 0.490625 0.0515625 0.0609375
31 0.48984375 0.5015625 0.053125 0.0625
6 0.24765625 0.45078125 0.059375 0.06875
6 0.29296875 0.46484375 0.05625 0.0671875
31 0.3921875 0.48359375 0.053125 0.0609375
5 0.83671875 0.57109375 0.0609375 0.0671875
2 0.63828125 0.53046875 0.053125 0.065625
2 0.7375 0.553125 0.05625 0.0671875
2 0.6875 0.54375 0.0546875 0.065625
0 0.58515625 0.52421875 0.0546875 0.0703125
0 0.5375 0.51640625 0.05625 0.071875