0 0.65546875 0.4203125 0.065625 0.08125
0 0.7234375 0.41328125 0.0703125 0.084375
0 0.796875 0.40859375 0.0703125 0.0859375
6 0.86875 0.403125 0.0734375 0.0875
6 0.94140625 0.39609375 0.0765625 0.0890625
32 0.52265625 0.42890625 0.0640625 0.08125
32 0.58984375 0.4234375 0.0640625 0.0796875
2 0.13046875 0.459375 0.0625 0.084375
32 0.453125 0.43359375 0.065625 0.0828125
2 0.19296875 0.45703125 0.0625 0.0828125
2 0.065625 0.459375 0.0640625 0.0828125
14 0.38828125 0.44140625 0.0640625 0.0828125
14 0.3203125 0.44609375 0.065625 0.0859375
14 0.25703125 0.45078125 0.0640625 0.084375