26 0.11640625 0.53046875 0.053125 0.0578125
26 0.22109375 0.53046875 0.053125 0.05625
36 0.4328125 0.53515625 0.0421875 0.0546875
36 0.54140625 0.53515625 0.0453125 0.0546875
36 0.4875 0.53203125 0.046875 0.0578125
26 0.1671875 0.53046875 0.053125 0.05625
8 0.37734375 0.534375 0.0453125 0.05625
35 0.7734375 0.53828125 0.053125 0.059375
3 0.83203125 0.53828125 0.0515625 0.0609375
36 0.59765625 0.5359375 0.0453125 0.0515625
35 0.71484375 0.5359375 0.0484375 0.05625
8 0.325 0.53125 0.0484375 0.0578125
3 0.89296875 0.53828125 0.0578125 0.0640625
39 0.06484375 0.53125 0.0515625 0.0578125
8 0.27265625 0.5328125 0.0484375 0.05625
35 0.65625 0.53828125 0.046875 0.0546875