5 0.81796875 0.47421875 0.078125 0.0921875
4 0.75390625 0.45703125 0.071875 0.090625
8 0.3875 0.38203125 0.0640625 0.084375
8 0.4453125 0.39453125 0.0671875 0.0859375
8 0.33046875 0.36953125 0.0671875 0.0859375
6 0.88828125 0.4828125 0.0765625 0.090625
2 0.5640625 0.42265625 0.0703125 0.0890625
3 0.68984375 0.4484375 0.0734375 0.0921875
2 0.6265625 0.434375 0.071875 0.0890625
6 0.9546875 0.49296875 0.0765625 0.090625
2 0.50390625 0.4109375 0.065625 0.0859375
7 0.2703125 0.3578125 0.065625 0.084375
7 0.1578125 0.3359375 0.0671875 0.0828125
7 0.2125 0.34609375 0.065625 0.0828125
41 0.0984375 0.3234375 0.0765625 0.0859375