31 0.62109375 0.44375 0.05234375 0.065625
31 0.68203125 0.44140625 0.05234375 0.065625
34 0.74296875 0.4390625 0.0515625 0.06484375
34 0.81015625 0.4375 0.05234375 0.065625
7 0.38671875 0.446875 0.0484375 0.0625
34 0.871875 0.43515625 0.05 0.06328125
33 0.56015625 0.44453125 0.04921875 0.06328125
33 0.44375 0.446875 0.04609375 0.06171875
7 0.32890625 0.4484375 0.04921875 0.0625
33 0.5015625 0.44609375 0.04765625 0.0640625
0 0.27265625 0.45 0.0484375 0.06328125
0 0.21328125 0.45078125 0.05078125 0.065625
0 0.15859375 0.45234375 0.04765625 0.06640625
41 0.1046875 0.453125 0.05390625 0.06484375