21 0.51796875 0.3984375 0.05625 0.06875
21 0.4625 0.3890625 0.0578125 0.0703125
26 0.29921875 0.35859375 0.0578125 0.0703125
31 0.69140625 0.42890625 0.0609375 0.0734375
21 0.4078125 0.37734375 0.0546875 0.065625
31 0.75078125 0.44140625 0.0625 0.0734375
0 0.63203125 0.41953125 0.0609375 0.071875
31 0.8125 0.4515625 0.0640625 0.0734375
26 0.24453125 0.34921875 0.05625 0.06875
35 0.93671875 0.478125 0.0609375 0.075
35 0.871875 0.46171875 0.0609375 0.071875
30 0.190625 0.33984375 0.0640625 0.0734375
0 0.57421875 0.40859375 0.0578125 0.0703125
26 0.35234375 0.36875 0.059375 0.0703125
35 0.984375 0.4859375 0.03125 0.071875
40 0.13671875 0.33359375 0.065625 0.0734375
38 0.08671875 0.32109375 0.06875 0.075