22 0.7390625 0.3515625 0.0546875 0.05625
4 0.35546875 0.390625 0.0578125 0.065625
23 0.79296875 0.3453125 0.05625 0.0625
1 0.12421875 0.43125 0.046875 0.0640625
2 0.23828125 0.4109375 0.053125 0.0640625
8 0.68671875 0.359375 0.059375 0.0625
1 0.18203125 0.42109375 0.05 0.0640625
8 0.6296875 0.35859375 0.053125 0.0609375
6 0.40859375 0.38984375 0.0578125 0.0640625
7 0.52109375 0.3765625 0.059375 0.065625
7 0.575 0.3703125 0.05625 0.0640625
6 0.46640625 0.3828125 0.05625 0.0640625
24 0.84453125 0.3390625 0.0609375 0.0609375
3 0.29921875 0.39765625 0.053125 0.0640625