20 0.30390625 0.3484375 0.0609375 0.075
10 0.646875 0.421875 0.059375 0.0734375
18 0.18984375 0.321875 0.059375 0.0734375
34 0.81796875 0.459375 0.059375 0.0734375
10 0.7703125 0.4453125 0.0640625 0.0765625
26 0.4890625 0.38828125 0.0609375 0.0734375
37 0.54375 0.4015625 0.0578125 0.0734375
37 0.5953125 0.4109375 0.0578125 0.0734375
24 0.3625 0.3609375 0.0625 0.075
19 0.2484375 0.334375 0.0625 0.075
34 0.93203125 0.484375 0.0625 0.075
34 0.878125 0.4828125 0.0640625 0.059375
10 0.70625 0.446875 0.071875 0.065625
25 0.4234375 0.3859375 0.078125 0.0640625