39 0.5796875 0.76640625 0.20625 0.2078125
15 0.33203125 0.36328125 0.19375 0.19375
9 0.3703125 0.20703125 0.1796875 0.184375
24 0.69375 0.284375 0.1859375 0.1859375
41 0.25234375 0.67578125 0.203125 0.203125
13 0.41171875 0.71484375 0.2 0.203125
16 0.62109375 0.59609375 0.190625 0.1953125
25 0.49140625 0.40390625 0.190625 0.1921875
34 0.65234375 0.44296875 0.190625 0.1921875
24 0.4515625 0.5546875 0.1921875 0.19375
21 0.2859375 0.51953125 0.196875 0.1984375
33 0.52734375 0.24609375 0.1828125 0.1828125