39 0.64140625 0.7390625 0.16953125 0.17109375
15 0.30390625 0.4078125 0.16015625 0.15859375
9 0.303125 0.246875 0.14765625 0.15234375
24 0.6359375 0.24375 0.1546875 0.15234375
41 0.30234375 0.73046875 0.16796875 0.1671875
13 0.46640625 0.7296875 0.16484375 0.16875
16 0.640625 0.5640625 0.1578125 0.1625
25 0.46796875 0.40859375 0.1578125 0.15859375
34 0.634375 0.4078125 0.15703125 0.159375
24 0.46640625 0.56484375 0.1578125 0.16015625
21 0.296875 0.57109375 0.1625 0.16484375
33 0.46484375 0.246875 0.1515625 0.15078125