20 0.18359375 0.50078125 0.23125 0.1671875
22 0.63359375 0.5296875 0.23125 0.16875
8 0.87265625 0.6109375 0.2390625 0.1703125
31 0.1546875 0.38203125 0.2203125 0.1609375
36 0.41953125 0.57734375 0.225 0.153125
25 0.6015625 0.41171875 0.2328125 0.165625
9 0.21171875 0.61875 0.2359375 0.1703125
25 0.57421875 0.28984375 0.2359375 0.16875
8 0.35859375 0.33359375 0.21875 0.1453125
24 0.7890625 0.23515625 0.215625 0.1484375
24 0.23046875 0.74375 0.221875 0.153125
2 0.44296875 0.70078125 0.221875 0.153125
16 0.65859375 0.6546875 0.2265625 0.153125
15 0.38984375 0.45546875 0.2171875 0.15625
11 0.81640625 0.36015625 0.2171875 0.15
8 0.846875 0.48359375 0.2265625 0.153125
8 0.87421875 0.61171875 0.2203125 0.1484375