20 0.1875 0.4515625 0.215625 0.1375
22 0.62734375 0.55078125 0.215625 0.1390625
8 0.85078125 0.66796875 0.2234375 0.1390625
31 0.17734375 0.32890625 0.2046875 0.1328125
36 0.40859375 0.5640625 0.2125 0.1234375
25 0.6140625 0.42890625 0.21875 0.134375
9 0.19609375 0.571875 0.2203125 0.1390625
25 0.60625 0.3046875 0.2203125 0.1375
8 0.3859375 0.31328125 0.20625 0.1171875
24 0.8265625 0.28359375 0.2015625 0.1203125
24 0.19609375 0.69921875 0.209375 0.1234375
2 0.4125 0.6890625 0.209375 0.1234375
16 0.63203125 0.67734375 0.2125 0.1234375
15 0.3984375 0.4390625 0.203125 0.128125
11 0.834375 0.4109375 0.2046875 0.121875
8 0.8453125 0.53828125 0.2125 0.1234375
8 0.85234375 0.66953125 0.20625 0.1203125