18 0.6875 0.6375 0.1734375 0.10234375
35 0.87109375 0.6359375 0.17421875 0.10390625
20 0.503125 0.4265625 0.15390625 0.1015625
25 0.13359375 0.4265625 0.17421875 0.10625
17 0.3125 0.52734375 0.175 0.10234375
26 0.68046875 0.42265625 0.1703125 0.096875
12 0.68125 0.31640625 0.17265625 0.1078125
19 0.68671875 0.53046875 0.17109375 0.0984375
23 0.86796875 0.525 0.165625 0.0890625
21 0.321875 0.63359375 0.1640625 0.08984375
16 0.12734375 0.31796875 0.171875 0.0953125
15 0.31015625 0.31875 0.17421875 0.096875
17 0.4953125 0.315625 0.16484375 0.09609375
12 0.8703125 0.41875 0.1703125 0.08359375
7 0.8640625 0.3125 0.16796875 0.09140625
32 0.3140625 0.4234375 0.16484375 0.0890625
41 0.1328125 0.5296875 0.16015625 0.084375
40 0.13515625 0.634375 0.16171875 0.0890625
33 0.5 0.6375 0.16953125 0.0890625
21 0.49765625 0.5296875 0.15859375 0.08515625