25 0.2765625 0.47265625 0.2453125 0.1796875
29 0.765625 0.4984375 0.2328125 0.1609375
32 0.30625 0.60546875 0.253125 0.1859375
31 0.3296875 0.7390625 0.2546875 0.1859375
13 0.4734375 0.28984375 0.2546875 0.1765625
14 0.2390625 0.3421875 0.2390625 0.1640625
8 0.6984375 0.23671875 0.2296875 0.1671875
3 0.50078125 0.421875 0.2359375 0.1625
5 0.534375 0.5515625 0.240625 0.1671875
13 0.5671875 0.684375 0.234375 0.16875
10 0.80078125 0.628125 0.2359375 0.1640625
23 0.734375 0.36953125 0.23125 0.153125