18 0.71328125 0.5921875 0.19375 0.1390625
35 0.8921875 0.54921875 0.1921875 0.1390625
20 0.48671875 0.428125 0.171875 0.134375
25 0.1265625 0.5109375 0.19375 0.1421875
17 0.3234375 0.56875 0.19375 0.1390625
26 0.65859375 0.384375 0.1875 0.1328125
12 0.63515625 0.28046875 0.1921875 0.14375
19 0.6890625 0.4875 0.1890625 0.134375
23 0.8640625 0.44140625 0.18125 0.1234375
21 0.35625 0.6703125 0.178125 0.1234375
16 0.09609375 0.40625 0.1890625 0.13125
15 0.27421875 0.36640625 0.190625 0.1328125
17 0.45390625 0.32109375 0.1828125 0.13125
12 0.8421875 0.3375 0.1859375 0.1203125
7 0.8125 0.23515625 0.184375 0.1265625
32 0.3015625 0.4671875 0.18125 0.125
41 0.14921875 0.61171875 0.175 0.11875
40 0.175 0.71328125 0.1765625 0.121875
33 0.53125 0.63359375 0.184375 0.1234375
21 0.5046875 0.5296875 0.1734375 0.1171875