11 0.68359375 0.41640625 0.16953125 0.17265625
3 0.51640625 0.24375 0.1671875 0.1640625
16 0.6921875 0.7640625 0.17421875 0.175
21 0.52109375 0.41484375 0.16796875 0.17109375
8 0.6828125 0.2453125 0.1671875 0.1625
32 0.51875 0.58359375 0.17421875 0.1734375
23 0.33828125 0.58125 0.17265625 0.16953125
33 0.6859375 0.584375 0.171875 0.17421875
18 0.3328125 0.75078125 0.1765625 0.17578125
9 0.521875 0.76015625 0.178125 0.175
36 0.33828125 0.41484375 0.1703125 0.165625
17 0.33359375 0.2421875 0.16875 0.1625