11 0.67421875 0.39765625 0.1875 0.190625
3 0.48984375 0.24375 0.1828125 0.1796875
16 0.71875 0.7421875 0.1921875 0.1921875
21 0.51171875 0.41328125 0.184375 0.1875
8 0.65546875 0.22734375 0.1828125 0.1796875
32 0.52734375 0.58125 0.1921875 0.190625
23 0.34765625 0.59765625 0.190625 0.1859375
33 0.69375 0.56484375 0.1890625 0.1921875
18 0.36015625 0.7671875 0.1953125 0.19375
9 0.54921875 0.75625 0.1953125 0.1921875
36 0.33046875 0.43203125 0.1859375 0.1828125
17 0.3078125 0.2609375 0.184375 0.1796875