14 0.48515625 0.76328125 0.1796875 0.1828125
15 0.315625 0.41171875 0.17421875 0.16640625
25 0.67109375 0.76484375 0.1734375 0.18203125
40 0.4890625 0.41171875 0.1703125 0.16640625
17 0.6609375 0.246875 0.1625 0.16171875
23 0.3140625 0.58046875 0.178125 0.17578125
16 0.66484375 0.5921875 0.1703125 0.1765625
4 0.4859375 0.58046875 0.1765625 0.175
19 0.4890625 0.2421875 0.16640625 0.1578125
4 0.6640625 0.41171875 0.17265625 0.16796875
3 0.3203125 0.24375 0.17109375 0.1578125
13 0.3015625 0.75546875 0.18046875 0.18515625