11 0.6859375 0.69921875 0.1578125 0.1609375
32 0.5546875 0.72265625 0.1609375 0.1609375
1 0.465625 0.34609375 0.1484375 0.1484375
11 0.41640625 0.75703125 0.1609375 0.1625
13 0.59140625 0.3140625 0.1484375 0.1484375
1 0.33046875 0.37109375 0.1453125 0.1484375
34 0.62109375 0.43671875 0.1546875 0.1546875
17 0.490625 0.46640625 0.153125 0.1515625
31 0.525 0.59453125 0.159375 0.159375
18 0.65625 0.56875 0.1546875 0.15625
22 0.39609375 0.625 0.1578125 0.1578125
35 0.36015625 0.49296875 0.1484375 0.1390625