8 0.68125 0.565625 0.16328125 0.165625
0 0.34375 0.25078125 0.15703125 0.1515625
37 0.6921875 0.72890625 0.165625 0.16875
15 0.51796875 0.40859375 0.1609375 0.15703125
14 0.67890625 0.40234375 0.1625 0.1609375
7 0.52109375 0.565625 0.165625 0.1640625
10 0.3515625 0.72890625 0.16875 0.16953125
35 0.35078125 0.4078125 0.1546875 0.15703125
7 0.35078125 0.565625 0.16328125 0.16328125
12 0.675 0.25 0.15703125 0.1546875
14 0.5234375 0.7296875 0.16640625 0.1703125
33 0.51640625 0.24765625 0.153125 0.15078125