15 0.290625 0.58203125 0.178125 0.175
31 0.46328125 0.5859375 0.1734375 0.175
8 0.465625 0.41640625 0.17265625 0.171875
37 0.28125 0.7546875 0.17890625 0.178125
4 0.6421875 0.41953125 0.17265625 0.16875
6 0.64296875 0.76640625 0.171875 0.178125
36 0.46171875 0.76796875 0.175 0.178125
38 0.46484375 0.24140625 0.1703125 0.1671875
20 0.64296875 0.24453125 0.1671875 0.1640625
1 0.64453125 0.5890625 0.1734375 0.17421875
16 0.29609375 0.2390625 0.1734375 0.165625
25 0.28828125 0.409375 0.16328125 0.165625