34 0.925 0.70078125 0.0515625 0.0640625
39 0.1359375 0.56484375 0.0578125 0.0640625
17 0.39453125 0.609375 0.0515625 0.0609375
26 0.4953125 0.625 0.0546875 0.0609375
31 0.5484375 0.6359375 0.053125 0.065625
18 0.44609375 0.6171875 0.05 0.0609375
38 0.0328125 0.54296875 0.065625 0.0671875
36 0.60078125 0.64453125 0.0515625 0.0609375
9 0.33828125 0.59921875 0.0546875 0.0625
32 0.7640625 0.6734375 0.0515625 0.05625
27 0.0828125 0.553125 0.0546875 0.0640625
37 0.871875 0.6921875 0.0625 0.0640625
28 0.184375 0.57578125 0.05 0.0640625
8 0.2890625 0.59140625 0.0578125 0.0640625
30 0.23984375 0.5828125 0.053125 0.0640625
35 0.70859375 0.66640625 0.05 0.0609375
32 0.81484375 0.684375 0.053125 0.05625
33 0.653125 0.65625 0.05 0.0578125