34 0.946875 0.64765625 0.0453125 0.059375
39 0.146875 0.60859375 0.05 0.059375
17 0.40859375 0.62109375 0.0453125 0.05625
26 0.51015625 0.625 0.0484375 0.05625
31 0.5640625 0.62890625 0.0453125 0.0609375
18 0.46015625 0.62265625 0.04375 0.05625
38 0.040625 0.60078125 0.0625 0.059375
36 0.6171875 0.63125 0.0453125 0.05625
9 0.3515625 0.61796875 0.0484375 0.0578125
32 0.7828125 0.63984375 0.0453125 0.0515625
27 0.0921875 0.60390625 0.0484375 0.059375
37 0.89296875 0.6453125 0.05625 0.0578125
28 0.19609375 0.6140625 0.0421875 0.059375
8 0.30234375 0.61640625 0.0515625 0.0578125
30 0.25234375 0.6140625 0.046875 0.059375
35 0.72734375 0.63984375 0.04375 0.05625
32 0.83515625 0.64453125 0.046875 0.0515625
33 0.67109375 0.63671875 0.04375 0.053125