6 0.221875 0.640625 0.225 0.1515625
19 0.89296875 0.6421875 0.2140625 0.159375
34 0.4359375 0.6 0.23125 0.165625
11 0.19453125 0.5203125 0.234375 0.16875
1 0.3859375 0.35390625 0.21875 0.15
6 0.825 0.2671875 0.23125 0.153125
17 0.4625 0.72578125 0.2328125 0.1640625
5 0.628125 0.4359375 0.23125 0.1640625
14 0.8484375 0.39140625 0.2234375 0.153125
17 0.1671875 0.39140625 0.2234375 0.153125
7 0.6046875 0.31171875 0.21875 0.140625
39 0.40859375 0.47734375 0.2171875 0.140625
4 0.6546875 0.56015625 0.2109375 0.1453125
12 0.8703125 0.51796875 0.2140625 0.1484375
2 0.24375 0.76875 0.2078125 0.128125
13 0.678125 0.68671875 0.2109375 0.14375