6 0.18828125 0.515625 0.2265625 0.1578125
19 0.80703125 0.79296875 0.228125 0.165625
34 0.40078125 0.565625 0.234375 0.171875
11 0.2125 0.39453125 0.2375 0.175
1 0.4546875 0.3203125 0.2203125 0.15625
6 0.88671875 0.41875 0.2265625 0.159375
17 0.37421875 0.69140625 0.2359375 0.171875
5 0.64296875 0.49375 0.234375 0.1703125
14 0.8625 0.54296875 0.2265625 0.159375
17 0.23984375 0.26484375 0.2265625 0.159375
7 0.67265625 0.3703125 0.221875 0.146875
39 0.42578125 0.4421875 0.2203125 0.146875
4 0.6171875 0.61796875 0.2140625 0.1515625
12 0.83125 0.6671875 0.215625 0.153125
2 0.15625 0.64140625 0.209375 0.1328125
13 0.58671875 0.74296875 0.2140625 0.15