3 0.5984375 0.5265625 0.209375 0.1296875
1 0.37734375 0.278125 0.2140625 0.134375
33 0.1578125 0.28359375 0.2203125 0.1328125
23 0.378125 0.403125 0.2125 0.1265625
0 0.83125 0.64296875 0.2125 0.128125
10 0.8140625 0.26015625 0.209375 0.1140625
34 0.815625 0.38671875 0.2015625 0.1125
32 0.81953125 0.5140625 0.2046875 0.115625
7 0.590625 0.26875 0.2015625 0.115625
4 0.1609375 0.41015625 0.20625 0.115625
1 0.16484375 0.5359375 0.20625 0.10625
5 0.38203125 0.53046875 0.19375 0.115625
23 0.37421875 0.40703125 0.1921875 0.1140625
23 0.59375 0.3984375 0.196875 0.1125
14 0.17265625 0.6625 0.2 0.1046875
2 0.390625 0.659375 0.1953125 0.1140625
3 0.60859375 0.6484375 0.196875 0.10625