6 0.2 0.58515625 0.20703125 0.11328125
19 0.86484375 0.71640625 0.20546875 0.12265625
34 0.41796875 0.5859375 0.21171875 0.12734375
11 0.19609375 0.46171875 0.21484375 0.12890625
1 0.415625 0.33515625 0.20078125 0.1140625
6 0.86328125 0.33359375 0.21328125 0.11484375
17 0.4203125 0.71484375 0.21328125 0.1265625
5 0.63828125 0.46171875 0.21015625 0.1265625
14 0.8625 0.46015625 0.2046875 0.115625
17 0.19375 0.3296875 0.2046875 0.11484375
7 0.6390625 0.33515625 0.20390625 0.103125
39 0.41484375 0.46015625 0.20078125 0.1046875
4 0.640625 0.58828125 0.19375 0.11171875
12 0.86015625 0.58828125 0.19609375 0.1125
2 0.196875 0.71484375 0.1953125 0.0921875
13 0.6390625 0.7171875 0.19375 0.109375