3 0.58984375 0.54765625 0.225 0.159375
1 0.43046875 0.25625 0.2296875 0.1640625
33 0.215625 0.2125 0.2359375 0.1640625
23 0.40234375 0.378125 0.228125 0.15625
0 0.790625 0.7140625 0.228125 0.159375
10 0.859375 0.33671875 0.2234375 0.1453125
34 0.8328125 0.46015625 0.215625 0.1421875
32 0.8078125 0.58515625 0.2171875 0.1453125
7 0.63984375 0.29453125 0.2140625 0.1453125
4 0.18984375 0.3359375 0.2203125 0.1453125
1 0.165625 0.459375 0.21875 0.1375
5 0.378125 0.503125 0.2078125 0.14375
23 0.3984375 0.38046875 0.20625 0.1421875
23 0.6140625 0.421875 0.2109375 0.1421875
14 0.14453125 0.584375 0.2125 0.134375
2 0.3578125 0.63046875 0.209375 0.1421875
3 0.571875 0.66953125 0.209375 0.1359375