18 0.83984375 0.31875 0.225 0.1390625
2 0.83359375 0.4546875 0.2203125 0.121875
36 0.61015625 0.71015625 0.2265625 0.1390625
34 0.60546875 0.5796875 0.2265625 0.1375
35 0.1578125 0.309375 0.2140625 0.134375
22 0.16328125 0.4421875 0.2171875 0.134375
22 0.8390625 0.72109375 0.2328125 0.1390625
24 0.38515625 0.703125 0.2265625 0.1375
36 0.15546875 0.56484375 0.209375 0.1203125
21 0.37578125 0.57265625 0.2171875 0.1359375
26 0.375 0.44140625 0.209375 0.11875
11 0.15234375 0.696875 0.2203125 0.134375
19 0.603125 0.4515625 0.2078125 0.128125
33 0.37578125 0.31484375 0.2203125 0.125
15 0.834375 0.5828125 0.2125 0.1203125
0 0.6015625 0.31484375 0.2 0.115625