18 0.82265625 0.28984375 0.2265625 0.1421875
2 0.82890625 0.42578125 0.2234375 0.125
36 0.628125 0.7 0.228125 0.1421875
34 0.61171875 0.5703125 0.228125 0.140625
35 0.14296875 0.33984375 0.215625 0.1375
22 0.16015625 0.471875 0.21875 0.1375
22 0.85703125 0.690625 0.234375 0.14375
24 0.403125 0.7125 0.228125 0.140625
36 0.1625 0.59453125 0.2109375 0.1234375
21 0.38203125 0.58359375 0.21875 0.1390625
26 0.3703125 0.453125 0.2125 0.121875
11 0.17109375 0.72578125 0.221875 0.1375
19 0.5984375 0.4421875 0.209375 0.13125
33 0.36015625 0.3265625 0.2234375 0.128125
15 0.83984375 0.553125 0.2140625 0.1234375
0 0.58515625 0.30703125 0.2015625 0.11875