18 0.8890625 0.6203125 0.221875 0.171875
35 0.446875 0.74140625 0.2609375 0.1921875
36 0.56640625 0.28515625 0.2515625 0.1875
24 0.3640625 0.48515625 0.25625 0.190625
32 0.63515625 0.5515625 0.246875 0.178125
5 0.8625 0.4921875 0.24375 0.171875
19 0.22109375 0.8 0.2453125 0.184375
21 0.3984375 0.61484375 0.240625 0.1765625
1 0.83046875 0.35859375 0.259375 0.19375
22 0.7921875 0.22421875 0.2546875 0.1859375
7 0.5921875 0.42421875 0.2578125 0.1859375
34 0.1078125 0.4078125 0.215625 0.165625
15 0.334375 0.3453125 0.2375 0.1640625
9 0.13515625 0.54140625 0.2375 0.1703125
33 0.175 0.671875 0.240625 0.16875
20 0.66796875 0.68046875 0.23125 0.1734375