18 0.85546875 0.71328125 0.2140625 0.1234375
35 0.38984375 0.721875 0.2359375 0.140625
36 0.61640625 0.30703125 0.2265625 0.1390625
24 0.371875 0.453125 0.2296875 0.1390625
32 0.61875 0.5828125 0.2234375 0.128125
5 0.85390625 0.5796875 0.221875 0.1234375
19 0.15703125 0.72421875 0.2203125 0.1375
21 0.3734375 0.58671875 0.2171875 0.128125
1 0.8546875 0.44296875 0.234375 0.14375
22 0.85078125 0.303125 0.2296875 0.1359375
7 0.6078125 0.44921875 0.2328125 0.1359375
34 0.134375 0.31484375 0.2109375 0.11875
15 0.3765625 0.31015625 0.2171875 0.115625
9 0.1359375 0.4515625 0.215625 0.1234375
33 0.14296875 0.58828125 0.21875 0.1203125
20 0.61953125 0.715625 0.2078125 0.1265625