37 0.60234375 0.584375 0.1984375 0.115625
37 0.39296875 0.7203125 0.203125 0.1140625
12 0.6078125 0.709375 0.2109375 0.1171875
28 0.1578125 0.60234375 0.2171875 0.1390625
11 0.5875 0.3296875 0.20625 0.11875
9 0.59375 0.4578125 0.19375 0.1125
26 0.8125 0.44609375 0.215625 0.11875
13 0.13984375 0.34765625 0.215625 0.125
20 0.82265625 0.5734375 0.20625 0.1125
30 0.81171875 0.32109375 0.2078125 0.1125
4 0.3625 0.33984375 0.20625 0.1078125
31 0.3765625 0.4640625 0.19375 0.1046875
0 0.14765625 0.478125 0.196875 0.10625
16 0.375 0.59296875 0.203125 0.1140625
9 0.825 0.6984375 0.1984375 0.103125
4 0.165625 0.72890625 0.20625 0.1140625