37 0.5859375 0.6015625 0.209375 0.1359375
37 0.35625 0.6984375 0.2125 0.134375
12 0.5703125 0.725 0.2203125 0.1375
28 0.1453125 0.54140625 0.228125 0.159375
11 0.61640625 0.34765625 0.2171875 0.1390625
9 0.6 0.47421875 0.203125 0.13125
26 0.8171875 0.50078125 0.225 0.1390625
13 0.171875 0.2875 0.2265625 0.1453125
20 0.8046875 0.628125 0.215625 0.1328125
30 0.83828125 0.378125 0.2171875 0.1328125
4 0.3921875 0.31875 0.215625 0.128125
31 0.38515625 0.44375 0.2015625 0.1234375
0 0.15703125 0.4171875 0.20625 0.125
16 0.3609375 0.56953125 0.2125 0.134375
9 0.7859375 0.7515625 0.20625 0.1234375
4 0.13125 0.6671875 0.215625 0.134375