37 0.59921875 0.58828125 0.1953125 0.109375
37 0.38515625 0.71640625 0.2 0.10703125
12 0.60078125 0.71328125 0.20703125 0.109375
28 0.1546875 0.590625 0.2125 0.13046875
11 0.59375 0.3328125 0.203125 0.1125
9 0.5953125 0.4609375 0.190625 0.10703125
26 0.8140625 0.45703125 0.21171875 0.1109375
13 0.1453125 0.33515625 0.21171875 0.11796875
20 0.81953125 0.584375 0.203125 0.1046875
30 0.81796875 0.33203125 0.2046875 0.10546875
4 0.36796875 0.33515625 0.203125 0.10078125
31 0.378125 0.46015625 0.18984375 0.0984375
0 0.1484375 0.465625 0.19453125 0.0984375
16 0.371875 0.58828125 0.1984375 0.1078125
9 0.81796875 0.709375 0.19453125 0.09609375
4 0.1578125 0.7171875 0.203125 0.10703125