20 0.8421875 0.51171875 0.0640625 0.06875
20 0.78671875 0.51796875 0.0578125 0.065625
34 0.6171875 0.5390625 0.0546875 0.065625
34 0.509375 0.55234375 0.0515625 0.0671875
20 0.90078125 0.5046875 0.065625 0.0703125
34 0.5640625 0.54296875 0.0484375 0.0640625
14 0.12421875 0.5984375 0.0578125 0.06875
32 0.39921875 0.56328125 0.053125 0.065625
14 0.17734375 0.59140625 0.05625 0.065625
37 0.67421875 0.5296875 0.0546875 0.06875
14 0.2875 0.57734375 0.053125 0.065625
32 0.45625 0.55546875 0.053125 0.0640625
32 0.34453125 0.5703125 0.0546875 0.0671875
37 0.7296875 0.52421875 0.05625 0.06875
30 0.06875 0.60390625 0.0625 0.0703125
14 0.234375 0.5859375 0.0515625 0.065625