20 0.840625 0.5359375 0.0609375 0.065625
20 0.784375 0.53828125 0.0546875 0.0625
34 0.61484375 0.546875 0.05 0.0625
34 0.50625 0.553125 0.0484375 0.065625
20 0.89921875 0.53203125 0.0625 0.065625
34 0.5609375 0.54765625 0.0453125 0.0625
14 0.11796875 0.571875 0.0546875 0.065625
32 0.3953125 0.55625 0.05 0.0625
14 0.171875 0.56875 0.053125 0.0625
37 0.67109375 0.5421875 0.0515625 0.065625
14 0.2828125 0.5625 0.05 0.0625
32 0.453125 0.55234375 0.05 0.0609375
32 0.33984375 0.559375 0.0515625 0.0640625
37 0.72734375 0.540625 0.053125 0.065625
30 0.0625 0.5734375 0.059375 0.0671875
14 0.22890625 0.5671875 0.0484375 0.0625