17 0.4421875 0.42734375 0.05625 0.0734375
17 0.62265625 0.4109375 0.059375 0.075
17 0.26953125 0.44453125 0.0546875 0.0734375
16 0.38203125 0.43046875 0.05625 0.0734375
31 0.95 0.3828125 0.06875 0.08125
15 0.325 0.4359375 0.0546875 0.075
15 0.49921875 0.41796875 0.0546875 0.075
31 0.8828125 0.38828125 0.0640625 0.078125
16 0.55625 0.4171875 0.0578125 0.0734375
16 0.21328125 0.446875 0.053125 0.0703125
32 0.8171875 0.39453125 0.0640625 0.0765625
32 0.746875 0.4 0.0609375 0.0734375
32 0.68359375 0.40625 0.0640625 0.078125
29 0.0515625 0.4609375 0.046875 0.06875
29 0.10390625 0.45703125 0.059375 0.0734375
15 0.1578125 0.45078125 0.05 0.0671875