12 0.58203125 0.51640625 0.0453125 0.0609375
16 0.32421875 0.52109375 0.04609375 0.059375
16 0.47890625 0.51484375 0.04140625 0.05625
11 0.53203125 0.51640625 0.0421875 0.05859375
13 0.63515625 0.521875 0.040625 0.059375
39 0.16640625 0.51796875 0.0546875 0.06171875
14 0.2203125 0.51640625 0.0421875 0.0578125
14 0.37734375 0.521875 0.04453125 0.059375
33 0.84453125 0.528125 0.0390625 0.046875
33 0.896875 0.52578125 0.0390625 0.0484375
35 0.73671875 0.521875 0.040625 0.05390625
15 0.4296875 0.5234375 0.0421875 0.059375
35 0.684375 0.51953125 0.04140625 0.0546875
15 0.27109375 0.51875 0.04375 0.059375
35 0.7890625 0.528125 0.04140625 0.0515625
27 0.11484375 0.5125 0.04375 0.0578125