17 0.43359375 0.43515625 0.0640625 0.078125
17 0.6109375 0.396875 0.0671875 0.0796875
17 0.26484375 0.4734375 0.0609375 0.078125
16 0.37421875 0.4453125 0.0625 0.078125
31 0.9328125 0.32890625 0.0765625 0.0875
15 0.31875 0.4578125 0.0609375 0.0796875
15 0.4890625 0.41796875 0.0609375 0.0796875
31 0.86640625 0.3421875 0.071875 0.084375
16 0.54609375 0.4109375 0.065625 0.078125
16 0.20859375 0.48203125 0.059375 0.075
32 0.80234375 0.35625 0.071875 0.0828125
32 0.7328125 0.37109375 0.0671875 0.0796875
32 0.6703125 0.384375 0.071875 0.084375
29 0.05 0.515625 0.0546875 0.0734375
29 0.1015625 0.50546875 0.0671875 0.0796875
15 0.1546875 0.49296875 0.05625 0.0703125