17 0.45 0.421875 0.04921875 0.06875
17 0.63125 0.42421875 0.05234375 0.0703125
17 0.2765625 0.42109375 0.0484375 0.06875
16 0.38984375 0.41875 0.04921875 0.0671875
31 0.96015625 0.43046875 0.0609375 0.075
15 0.3328125 0.41796875 0.046875 0.0703125
15 0.5078125 0.41796875 0.046875 0.0703125
31 0.8921875 0.42890625 0.05546875 0.0734375
16 0.56484375 0.4234375 0.05078125 0.06953125
16 0.2203125 0.4171875 0.0453125 0.06640625
32 0.8265625 0.428125 0.05703125 0.07109375
32 0.75625 0.4265625 0.05390625 0.06953125
32 0.6921875 0.42578125 0.05625 0.07265625
29 0.0578125 0.4140625 0.040625 0.0640625
29 0.1109375 0.415625 0.053125 0.06953125
15 0.16484375 0.415625 0.04375 0.06328125