12 0.578125 0.52890625 0.0546875 0.0671875
16 0.3234375 0.49296875 0.0546875 0.065625
16 0.4765625 0.51171875 0.05 0.0625
11 0.52890625 0.52109375 0.05 0.0640625
13 0.6296875 0.54296875 0.05 0.065625
39 0.16796875 0.465625 0.0640625 0.06875
14 0.22109375 0.47265625 0.05 0.0640625
14 0.37578125 0.50234375 0.053125 0.065625
33 0.8359375 0.58203125 0.0453125 0.053125
33 0.88828125 0.5875 0.0453125 0.053125
35 0.73046875 0.55859375 0.0484375 0.059375
15 0.4265625 0.5125 0.05 0.065625
35 0.67890625 0.5484375 0.0484375 0.0609375
15 0.27109375 0.4828125 0.053125 0.065625
35 0.78125 0.57265625 0.0484375 0.05625
27 0.11796875 0.45234375 0.0515625 0.0625