34 0.678125 0.36796875 0.053125 0.0703125
18 0.32265625 0.35546875 0.05 0.06171875
26 0.265625 0.35078125 0.053125 0.06484375
34 0.81484375 0.3796875 0.0515625 0.07109375
30 0.1046875 0.3421875 0.05703125 0.06953125
34 0.74453125 0.371875 0.05234375 0.06953125
35 0.884375 0.38125 0.05390625 0.0703125
20 0.43515625 0.3609375 0.0484375 0.07109375
25 0.20859375 0.34609375 0.05078125 0.0671875
35 0.95390625 0.384375 0.05234375 0.07265625
24 0.49453125 0.36171875 0.05078125 0.0734375
24 0.15859375 0.34453125 0.053125 0.06640625
24 0.5546875 0.3640625 0.05234375 0.075
24 0.615625 0.36640625 0.053125 0.07421875
19 0.37734375 0.35703125 0.05078125 0.06953125