34 0.64375 0.33125 0.0671875 0.0796875
18 0.29453125 0.39921875 0.0625 0.0703125
26 0.23828125 0.40703125 0.065625 0.075
34 0.7796875 0.31171875 0.065625 0.08125
30 0.0796875 0.43515625 0.0703125 0.0796875
34 0.709375 0.3203125 0.065625 0.078125
35 0.84765625 0.29765625 0.0671875 0.0796875
20 0.40546875 0.37890625 0.0640625 0.08125
25 0.18125 0.415625 0.065625 0.0765625
35 0.91640625 0.28515625 0.0671875 0.08125
24 0.46328125 0.36640625 0.0671875 0.0828125
24 0.13203125 0.425 0.0671875 0.0765625
24 0.52265625 0.35546875 0.06875 0.084375
24 0.5828125 0.34375 0.06875 0.084375
19 0.3484375 0.38828125 0.065625 0.0796875