34 0.6609375 0.346875 0.0609375 0.0765625
18 0.30625 0.378125 0.0578125 0.0671875
26 0.24921875 0.38046875 0.0609375 0.0703125
34 0.79765625 0.3421875 0.059375 0.078125
30 0.08828125 0.39140625 0.0640625 0.075
34 0.72734375 0.34296875 0.059375 0.075
35 0.8671875 0.33515625 0.0609375 0.075
20 0.41875 0.36953125 0.05625 0.0765625
25 0.1921875 0.3828125 0.059375 0.0734375
35 0.93671875 0.3296875 0.059375 0.078125
24 0.47734375 0.36328125 0.059375 0.0796875
24 0.1421875 0.3875 0.0609375 0.0734375
24 0.5375 0.35859375 0.0609375 0.08125
24 0.5984375 0.353125 0.0609375 0.0796875
19 0.3609375 0.37265625 0.059375 0.0765625