17 0.79375 0.45625 0.0484375 0.065625
12 0.4703125 0.453125 0.046875 0.0625
17 0.85078125 0.4578125 0.0515625 0.0640625
12 0.5796875 0.45546875 0.046875 0.0625
12 0.525 0.4546875 0.04375 0.0625
26 0.24375 0.4515625 0.0546875 0.0609375
26 0.12890625 0.4484375 0.0609375 0.0609375
26 0.1890625 0.44921875 0.059375 0.0609375
33 0.3 0.4453125 0.0421875 0.05
33 0.35703125 0.4484375 0.0421875 0.053125
14 0.740625 0.45546875 0.046875 0.0640625
14 0.63125 0.4546875 0.04375 0.0625
33 0.41640625 0.45 0.0421875 0.0546875
14 0.6859375 0.45703125 0.046875 0.0640625