17 0.796875 0.49765625 0.0546875 0.06875
12 0.47734375 0.44921875 0.0515625 0.065625
17 0.853125 0.50703125 0.0578125 0.06875
12 0.58515625 0.4671875 0.053125 0.0671875
12 0.53125 0.45859375 0.05 0.065625
26 0.253125 0.41640625 0.059375 0.065625
26 0.13984375 0.39765625 0.065625 0.065625
26 0.19921875 0.40625 0.0640625 0.065625
33 0.309375 0.41796875 0.046875 0.0546875
33 0.365625 0.42890625 0.046875 0.0578125
14 0.74453125 0.4890625 0.053125 0.0671875
14 0.6359375 0.4734375 0.05 0.065625
33 0.42421875 0.4390625 0.046875 0.0578125
14 0.68984375 0.48359375 0.053125 0.0671875