5 0.36484375 0.428125 0.059375 0.06875
4 0.76328125 0.484375 0.0640625 0.071875
5 0.82265625 0.48828125 0.0703125 0.075
7 0.646875 0.46640625 0.059375 0.0703125
7 0.47734375 0.4453125 0.059375 0.071875
7 0.58984375 0.45546875 0.0578125 0.06875
4 0.88125 0.50625 0.0703125 0.071875
1 0.1953125 0.41328125 0.053125 0.065625
30 0.1390625 0.409375 0.059375 0.0703125
4 0.94375 0.51484375 0.0765625 0.0734375
7 0.534375 0.44921875 0.0578125 0.06875
3 0.3109375 0.42109375 0.0578125 0.0671875
2 0.25078125 0.415625 0.0546875 0.0671875
6 0.41796875 0.4375 0.059375 0.0671875
3 0.7015625 0.47421875 0.0609375 0.071875
38 0.08359375 0.40390625 0.0625 0.06875