12 0.1265625 0.38515625 0.0671875 0.08125
11 0.4390625 0.4140625 0.059375 0.08125
31 0.9703125 0.47421875 0.059375 0.0921875
10 0.375 0.4109375 0.0578125 0.0796875
31 0.90390625 0.46796875 0.0640625 0.0859375
37 0.5671875 0.43046875 0.059375 0.0828125
37 0.63046875 0.4375 0.0609375 0.0828125
14 0.25078125 0.3953125 0.0609375 0.0828125
37 0.50234375 0.4234375 0.059375 0.0828125
9 0.30859375 0.403125 0.0625 0.0796875
13 0.1890625 0.38828125 0.0640625 0.0828125
33 0.69765625 0.44609375 0.0625 0.08125
33 0.765625 0.4484375 0.0609375 0.0796875
33 0.83359375 0.4609375 0.0609375 0.078125
40 0.06796875 0.37734375 0.0765625 0.0875