35 0.2765625 0.5703125 0.0734375 0.140625
23 0.63515625 0.5984375 0.0859375 0.159375
37 0.7171875 0.36484375 0.0765625 0.1390625
24 0.725 0.59296875 0.0859375 0.1453125
37 0.63203125 0.36484375 0.078125 0.1453125
32 0.36640625 0.57109375 0.078125 0.1390625
32 0.546875 0.58515625 0.078125 0.1390625
35 0.1828125 0.56796875 0.075 0.1484375
3 0.4703125 0.3546875 0.0734375 0.14375
37 0.79765625 0.3734375 0.084375 0.1375
3 0.309375 0.33828125 0.075 0.140625
3 0.38984375 0.35 0.078125 0.1453125
25 0.815625 0.60234375 0.0875 0.1515625
32 0.4546875 0.5828125 0.078125 0.1421875
3 0.55234375 0.3484375 0.075 0.1421875
40 0.2234375 0.33515625 0.084375 0.14375