5 0.36328125 0.43046875 0.0578125 0.0671875
4 0.76328125 0.4796875 0.0625 0.071875
5 0.82265625 0.4828125 0.06875 0.0734375
7 0.64609375 0.46328125 0.0578125 0.0703125
7 0.4765625 0.4453125 0.0578125 0.0703125
7 0.5890625 0.45390625 0.05625 0.0671875
4 0.88125 0.5 0.06875 0.0703125
1 0.19375 0.41796875 0.0515625 0.065625
30 0.1375 0.415625 0.0578125 0.06875
4 0.94375 0.50703125 0.075 0.071875
7 0.53359375 0.4484375 0.05625 0.0671875
3 0.309375 0.42421875 0.0578125 0.065625
2 0.24921875 0.4203125 0.053125 0.0671875
6 0.4171875 0.43828125 0.059375 0.065625
3 0.70078125 0.47109375 0.059375 0.0703125
38 0.08203125 0.4109375 0.0625 0.06875