12 0.11796875 0.41796875 0.06015625 0.07734375
11 0.43203125 0.41953125 0.053125 0.0765625
31 0.9703125 0.43359375 0.059375 0.0875
10 0.36796875 0.421875 0.05078125 0.07421875
31 0.89921875 0.4328125 0.0578125 0.08203125
37 0.5609375 0.425 0.0546875 0.07734375
37 0.62421875 0.4265625 0.0546875 0.07890625
14 0.24296875 0.4171875 0.05546875 0.078125
37 0.4953125 0.4234375 0.053125 0.078125
9 0.30078125 0.4203125 0.05625 0.075
13 0.18046875 0.415625 0.05859375 0.078125
33 0.6921875 0.42890625 0.05546875 0.07578125
33 0.76015625 0.42578125 0.05546875 0.075
33 0.82890625 0.43203125 0.05390625 0.07265625
40 0.05859375 0.415625 0.0703125 0.08046875