12 0.125 0.39140625 0.065625 0.08125
11 0.4375 0.41484375 0.0578125 0.0796875
31 0.9703125 0.46640625 0.059375 0.0921875
10 0.3734375 0.4125 0.05625 0.078125
31 0.903125 0.4609375 0.0640625 0.0859375
37 0.56640625 0.4296875 0.059375 0.08125
37 0.62890625 0.43515625 0.059375 0.08125
14 0.24921875 0.39921875 0.0609375 0.08125
37 0.50078125 0.4234375 0.0578125 0.08125
9 0.30703125 0.40625 0.0609375 0.078125
13 0.1875 0.39375 0.0640625 0.08125
33 0.696875 0.4421875 0.0609375 0.0796875
33 0.76484375 0.44375 0.059375 0.078125
33 0.8328125 0.45546875 0.059375 0.0765625
40 0.065625 0.38515625 0.0765625 0.0859375