35 0.2671875 0.5265625 0.0984375 0.1515625
23 0.6140625 0.62265625 0.1140625 0.171875
37 0.7390625 0.40859375 0.1 0.15
24 0.703125 0.634375 0.1125 0.1578125
37 0.65546875 0.3921875 0.103125 0.15625
32 0.35546875 0.54453125 0.1015625 0.15
32 0.5296875 0.59296875 0.1015625 0.15
35 0.17578125 0.50625 0.1 0.159375
3 0.4984375 0.35234375 0.0984375 0.153125
37 0.81640625 0.43203125 0.1078125 0.15
3 0.34375 0.3046875 0.0984375 0.15
3 0.42109375 0.33125 0.103125 0.15625
25 0.78984375 0.6609375 0.1140625 0.1640625
32 0.43984375 0.57265625 0.103125 0.153125
3 0.58046875 0.36171875 0.1 0.153125
40 0.259375 0.28515625 0.109375 0.15625