15 0.75546875 0.66171875 0.0578125 0.096875
13 0.56953125 0.67421875 0.05625 0.1015625
28 0.090625 0.6953125 0.0578125 0.096875
15 0.81640625 0.6578125 0.0578125 0.09375
13 0.51015625 0.67734375 0.05625 0.1015625
14 0.69453125 0.66796875 0.05625 0.1
0 0.8796875 0.65078125 0.059375 0.0875
12 0.3890625 0.68046875 0.0609375 0.1015625
14 0.62890625 0.671875 0.05625 0.103125
12 0.4484375 0.678125 0.0578125 0.1015625
10 0.2703125 0.68828125 0.0546875 0.0953125
18 0.20703125 0.6859375 0.0546875 0.084375
0 0.94296875 0.64765625 0.0578125 0.0875
10 0.32734375 0.6828125 0.05625 0.0984375
18 0.15 0.68671875 0.0515625 0.0859375