15 0.69296875 0.7328125 0.075 0.1046875
13 0.5125 0.68671875 0.075 0.1078125
28 0.05078125 0.559375 0.075 0.1046875
15 0.75234375 0.74765625 0.075 0.1015625
13 0.4546875 0.671875 0.075 0.1078125
14 0.6328125 0.7203125 0.075 0.1078125
0 0.8140625 0.7609375 0.075 0.0953125
12 0.3390625 0.6375 0.0796875 0.109375
14 0.56953125 0.703125 0.075 0.109375
12 0.39609375 0.653125 0.0765625 0.109375
10 0.2234375 0.6078125 0.071875 0.1015625
18 0.1640625 0.5859375 0.06875 0.0921875
0 0.87578125 0.7765625 0.0734375 0.0953125
10 0.27890625 0.6203125 0.075 0.10625
18 0.109375 0.56953125 0.0671875 0.0921875