8 0.9296875 0.33203125 0.1265625 0.3234375
0 0.12734375 0.55 0.1484375 0.3578125
1 0.1953125 0.534375 0.1375 0.34375
2 0.2625 0.51875 0.1375 0.3453125
1 0.328125 0.4953125 0.1390625 0.3453125
2 0.390625 0.47421875 0.134375 0.3390625
3 0.45390625 0.4578125 0.1296875 0.3296875
2 0.51484375 0.43984375 0.1296875 0.3265625
2 0.57578125 0.41953125 0.1234375 0.3109375
4 0.63515625 0.40546875 0.121875 0.30625
5 0.696875 0.39609375 0.1265625 0.315625
6 0.75703125 0.37734375 0.128125 0.31875
6 0.8171875 0.36640625 0.1296875 0.328125
7 0.87578125 0.35390625 0.128125 0.3328125
41 0.06484375 0.5671875 0.1296875 0.353125