8 0.946875 0.38515625 0.0890625 0.3234375
0 0.12421875 0.50390625 0.10625 0.35625
1 0.19296875 0.496875 0.0984375 0.34375
2 0.26171875 0.48984375 0.0984375 0.34375
1 0.3296875 0.475 0.0984375 0.34375
2 0.39453125 0.4609375 0.0953125 0.3390625
3 0.459375 0.45234375 0.0921875 0.3296875
2 0.521875 0.4421875 0.0921875 0.3265625
2 0.58515625 0.4296875 0.0875 0.3109375
4 0.64609375 0.42265625 0.0875 0.30625
5 0.7078125 0.42109375 0.090625 0.315625
6 0.7703125 0.409375 0.0921875 0.31875
6 0.83125 0.40625 0.0921875 0.328125
7 0.890625 0.40078125 0.090625 0.3328125
41 0.05546875 0.5140625 0.0984375 0.3515625