8 0.95625 0.4328125 0.05625 0.31796875
0 0.12578125 0.46484375 0.07109375 0.35078125
1 0.1953125 0.46484375 0.06328125 0.3390625
2 0.2640625 0.46484375 0.06328125 0.33984375
1 0.33359375 0.45703125 0.0640625 0.33984375
2 0.39921875 0.45 0.0609375 0.33359375
3 0.46484375 0.4484375 0.0578125 0.32578125
2 0.528125 0.44453125 0.05859375 0.321875
2 0.5921875 0.4390625 0.05703125 0.30703125
4 0.653125 0.43828125 0.0546875 0.3015625
5 0.71484375 0.44296875 0.05859375 0.3109375
6 0.778125 0.43828125 0.05859375 0.31328125
6 0.8390625 0.44140625 0.0578125 0.3234375
7 0.89921875 0.4421875 0.05625 0.328125
41 0.05625 0.4671875 0.0625 0.3484375