30 0.0859375 0.603125 0.0578125 0.0875
21 0.5453125 0.55703125 0.0578125 0.090625
24 0.3765625 0.57265625 0.05625 0.0921875
23 0.315625 0.5796875 0.0546875 0.090625
21 0.4890625 0.5609375 0.0546875 0.0875
25 0.43046875 0.56875 0.05625 0.0921875
20 0.7703125 0.53828125 0.0609375 0.0921875
20 0.26015625 0.58671875 0.0546875 0.0921875
21 0.6015625 0.55234375 0.0578125 0.090625
19 0.7125 0.54296875 0.059375 0.0921875
18 0.65546875 0.54921875 0.059375 0.0890625
19 0.825 0.53359375 0.05625 0.0890625
19 0.20078125 0.59140625 0.053125 0.0890625
19 0.88125 0.52890625 0.0546875 0.0859375
18 0.14453125 0.59609375 0.053125 0.084375