36 0.60703125 0.5484375 0.071875 0.0828125
33 0.48828125 0.52265625 0.05 0.0625
9 0.1609375 0.4640625 0.0578125 0.0671875
35 0.54453125 0.5375 0.0609375 0.071875
9 0.2125 0.471875 0.0640625 0.071875
13 0.26875 0.47890625 0.0609375 0.075
33 0.4328125 0.509375 0.05 0.065625
31 0.6765625 0.54609375 0.0765625 0.084375
31 0.7390625 0.55390625 0.0625 0.078125
32 0.8078125 0.58125 0.0640625 0.0765625
3 0.37578125 0.4984375 0.059375 0.0765625
7 0.32265625 0.48828125 0.0609375 0.0703125
25 0.10546875 0.4609375 0.0671875 0.0765625