12 0.7234375 0.46328125 0.040625 0.0640625
11 0.67890625 0.4640625 0.0375 0.0640625
13 0.2828125 0.4875 0.0375 0.06875
13 0.32890625 0.4828125 0.0375 0.06875
15 0.81015625 0.4578125 0.0359375 0.065625
17 0.50703125 0.471875 0.0359375 0.0640625
16 0.85390625 0.459375 0.0359375 0.0640625
17 0.42109375 0.48046875 0.0375 0.0671875
17 0.46171875 0.478125 0.0359375 0.0640625
14 0.76796875 0.46171875 0.0359375 0.065625
13 0.37421875 0.47890625 0.0390625 0.0671875
12 0.5515625 0.471875 0.040625 0.0640625
27 0.0953125 0.50390625 0.046875 0.075
38 0.14453125 0.50390625 0.0453125 0.06875
12 0.5953125 0.46953125 0.040625 0.065625
10 0.6359375 0.4640625 0.040625 0.0625
5 0.0046875 0.2734375 0.009375 0.059375
5 0.00390625 0.22109375 0.0078125 0.0578125
40 0.18984375 0.4984375 0.046875 0.071875
41 0.2359375 0.49375 0.046875 0.0765625