12 0.7234375 0.534375 0.0515625 0.0703125
11 0.68125 0.52109375 0.05 0.06875
13 0.296875 0.4203125 0.05 0.0734375
13 0.3421875 0.43125 0.0515625 0.0734375
15 0.8078125 0.55546875 0.0484375 0.0703125
17 0.515625 0.47578125 0.0484375 0.06875
16 0.84921875 0.57109375 0.0484375 0.06875
17 0.43046875 0.45703125 0.05 0.071875
17 0.47109375 0.4671875 0.0484375 0.06875
14 0.76640625 0.54609375 0.0484375 0.0703125
13 0.38671875 0.44140625 0.0515625 0.0734375
12 0.5578125 0.48984375 0.0515625 0.0703125
27 0.11328125 0.37890625 0.0609375 0.08125
38 0.16015625 0.39375 0.0578125 0.0765625
12 0.6 0.5 0.053125 0.071875
10 0.640625 0.5078125 0.0515625 0.06875
5 0.0921875 0.13046875 0.034375 0.0625
5 0.10625 0.07890625 0.0359375 0.0609375
40 0.20546875 0.40234375 0.0609375 0.0796875
41 0.25078125 0.4125 0.0609375 0.0828125