36 0.61015625 0.540625 0.0671875 0.0796875
33 0.48984375 0.5234375 0.046875 0.0609375
9 0.159375 0.4875 0.0546875 0.0640625
35 0.546875 0.53359375 0.05625 0.06875
9 0.2109375 0.4921875 0.0609375 0.06875
13 0.26796875 0.4953125 0.05625 0.071875
33 0.43359375 0.5140625 0.046875 0.0640625
31 0.6796875 0.53359375 0.071875 0.0796875
31 0.7421875 0.5375 0.059375 0.075
32 0.8125 0.559375 0.059375 0.0734375
3 0.37578125 0.50703125 0.0546875 0.0734375
7 0.32265625 0.50078125 0.05625 0.0671875
25 0.10390625 0.48828125 0.0625 0.0734375