30 0.096875 0.6390625 0.0640625 0.090625
21 0.55 0.553125 0.0640625 0.09375
24 0.3828125 0.58359375 0.0640625 0.0953125
23 0.3234375 0.59609375 0.0609375 0.09375
21 0.49453125 0.56171875 0.0609375 0.090625
25 0.43671875 0.57421875 0.0640625 0.0953125
20 0.77265625 0.51484375 0.06875 0.096875
20 0.26875 0.60703125 0.0609375 0.0953125
21 0.60546875 0.54375 0.0640625 0.09375
19 0.715625 0.52421875 0.0671875 0.0953125
18 0.65859375 0.53515625 0.065625 0.0921875
19 0.8265625 0.50546875 0.0625 0.0921875
19 0.209375 0.6171875 0.059375 0.0921875
19 0.88203125 0.4953125 0.0609375 0.090625
18 0.15390625 0.6265625 0.059375 0.0875