31 0.08125 0.4546875 0.071875 0.30625
31 0.14375 0.453125 0.065625 0.2953125
31 0.209375 0.45546875 0.065625 0.3078125
35 0.2734375 0.45859375 0.0671875 0.3015625
35 0.33828125 0.4546875 0.06875 0.3
35 0.4 0.4578125 0.0640625 0.296875
36 0.4640625 0.45234375 0.06875 0.2953125
36 0.5265625 0.44765625 0.0703125 0.2984375
36 0.58828125 0.44765625 0.071875 0.3171875
33 0.6484375 0.4421875 0.071875 0.3078125
33 0.71171875 0.44296875 0.06875 0.3015625
19 0.775 0.4421875 0.0671875 0.29375
19 0.83515625 0.44375 0.065625 0.296875
19 0.89453125 0.4453125 0.065625 0.30625