27 0.07109375 0.56484375 0.059375 0.090625
21 0.1734375 0.54765625 0.0546875 0.0828125
18 0.64140625 0.4703125 0.053125 0.0765625
20 0.4359375 0.50234375 0.0546875 0.071875
18 0.69375 0.46171875 0.0515625 0.071875
18 0.33046875 0.5203125 0.05625 0.075
21 0.278125 0.5296875 0.0578125 0.0796875
23 0.746875 0.45625 0.05625 0.084375
21 0.2265625 0.5390625 0.0546875 0.08125
26 0.58984375 0.48125 0.0546875 0.08125
24 0.7953125 0.4484375 0.0578125 0.08125
25 0.53828125 0.4890625 0.05 0.0796875
19 0.38515625 0.51171875 0.0546875 0.078125
24 0.48828125 0.496875 0.0546875 0.078125
25 0.846875 0.440625 0.0546875 0.08125
22 0.49765625 0.146875 0.0765625 0.06875
40 0.1203125 0.55625 0.0578125 0.0859375
10 0.60625 0.09921875 0.08125 0.084375