15 0.78515625 0.75859375 0.059375 0.0984375
15 0.72265625 0.75625 0.05625 0.0984375
12 0.31171875 0.74609375 0.05625 0.0984375
15 0.84140625 0.759375 0.059375 0.1
14 0.43125 0.74921875 0.0578125 0.0984375
14 0.49140625 0.753125 0.05625 0.1015625
9 0.1359375 0.740625 0.05625 0.0984375
14 0.37109375 0.74765625 0.05625 0.1
11 0.253125 0.74609375 0.0578125 0.0984375
10 0.19609375 0.74453125 0.05625 0.0984375
12 0.6046875 0.75546875 0.0578125 0.0984375
12 0.665625 0.7578125 0.0578125 0.0984375
12 0.546875 0.75 0.0578125 0.0984375
9 0.07578125 0.73984375 0.053125 0.0984375
28 0.90390625 0.76015625 0.059375 0.1