15 0.7515625 0.79140625 0.0703125 0.1046875
15 0.68984375 0.78125 0.0671875 0.1046875
12 0.2828125 0.72109375 0.06875 0.1046875
15 0.80703125 0.79921875 0.0703125 0.10625
14 0.4015625 0.7390625 0.06875 0.1046875
14 0.46015625 0.75 0.0671875 0.10625
9 0.109375 0.69453125 0.0671875 0.103125
14 0.34140625 0.73046875 0.0671875 0.1046875
11 0.225 0.7140625 0.06875 0.1046875
10 0.16875 0.70546875 0.06875 0.1046875
12 0.57265625 0.76640625 0.06875 0.1046875
12 0.6328125 0.77578125 0.06875 0.1046875
12 0.515625 0.75390625 0.06875 0.1046875
9 0.05 0.68671875 0.0640625 0.103125
28 0.86875 0.8078125 0.0703125 0.10625