27 0.06640625 0.4890625 0.0484375 0.0859375
21 0.1703125 0.490625 0.0453125 0.078125
18 0.64453125 0.4953125 0.04375 0.0703125
20 0.43671875 0.49140625 0.046875 0.0671875
18 0.69765625 0.4953125 0.04375 0.0671875
18 0.3296875 0.490625 0.0484375 0.0703125
21 0.2765625 0.490625 0.0484375 0.075
23 0.75078125 0.5 0.046875 0.078125
21 0.2234375 0.49140625 0.0453125 0.075
26 0.59140625 0.496875 0.0453125 0.0765625
24 0.8 0.50078125 0.0484375 0.0765625
25 0.53984375 0.49609375 0.040625 0.0765625
19 0.384375 0.49140625 0.0453125 0.071875
24 0.4890625 0.4953125 0.0453125 0.071875
25 0.8515625 0.5015625 0.0453125 0.075
22 0.559375 0.1515625 0.0703125 0.0609375
40 0.11640625 0.4890625 0.046875 0.08125
10 0.67421875 0.12421875 0.071875 0.0765625