31 0.08984375 0.40390625 0.0765625 0.30625
31 0.15234375 0.41015625 0.0703125 0.296875
31 0.21640625 0.4203125 0.071875 0.309375
35 0.2796875 0.43125 0.071875 0.303125
35 0.34453125 0.43515625 0.0734375 0.3
35 0.40625 0.4453125 0.06875 0.2984375
36 0.46953125 0.4484375 0.0734375 0.2953125
36 0.53203125 0.4515625 0.075 0.2984375
36 0.59375 0.45859375 0.078125 0.3171875
33 0.6546875 0.4609375 0.078125 0.309375
33 0.71640625 0.46875 0.0734375 0.3015625
19 0.7796875 0.4765625 0.071875 0.2953125
19 0.8390625 0.48515625 0.0703125 0.2984375
19 0.8984375 0.49453125 0.0703125 0.3078125