1 0.25859375 0.5203125 0.06875 0.096875
6 0.6140625 0.58125 0.0671875 0.096875
8 0.55546875 0.57265625 0.0703125 0.10625
6 0.4390625 0.55234375 0.06875 0.0984375
3 0.38046875 0.5390625 0.06875 0.0984375
7 0.496875 0.5609375 0.071875 0.1
7 0.675 0.58984375 0.0703125 0.1
0 0.13203125 0.49765625 0.0671875 0.096875
0 0.19453125 0.509375 0.06875 0.0984375
2 0.85390625 0.615625 0.071875 0.1
2 0.79140625 0.60625 0.06875 0.0984375
8 0.7328125 0.596875 0.071875 0.1
2 0.3203125 0.53515625 0.06875 0.1015625
0 0.07265625 0.48828125 0.0671875 0.0953125
13 0.06953125 0.22734375 0.06875 0.08125