1 0.2578125 0.515625 0.06875 0.0984375
6 0.6125 0.5828125 0.06875 0.0984375
8 0.55390625 0.5734375 0.071875 0.10625
6 0.43828125 0.55078125 0.06875 0.0984375
3 0.3796875 0.5375 0.0703125 0.0984375
7 0.49609375 0.56015625 0.0734375 0.1015625
7 0.67265625 0.5921875 0.071875 0.1
0 0.13203125 0.49140625 0.06875 0.096875
0 0.19453125 0.50390625 0.0703125 0.1
2 0.85234375 0.621875 0.0734375 0.1015625
2 0.78984375 0.6109375 0.0703125 0.1
8 0.73125 0.60078125 0.0734375 0.1
2 0.31953125 0.53203125 0.0703125 0.103125
0 0.0734375 0.48046875 0.06875 0.096875
13 0.07421875 0.21953125 0.0703125 0.08125