1 0.265625 0.56171875 0.05390625 0.08984375
6 0.6265625 0.56015625 0.053125 0.08984375
8 0.5671875 0.56171875 0.0546875 0.09765625
6 0.44921875 0.56171875 0.053125 0.090625
3 0.3890625 0.559375 0.05390625 0.090625
7 0.5078125 0.56015625 0.05625 0.09296875
7 0.6875 0.5578125 0.0546875 0.0921875
0 0.1375 0.56171875 0.05390625 0.08828125
0 0.20078125 0.5625 0.05390625 0.090625
2 0.86875 0.55234375 0.0578125 0.09140625
2 0.80546875 0.55390625 0.05390625 0.090625
8 0.74609375 0.5546875 0.05703125 0.09140625
2 0.32890625 0.565625 0.053125 0.0953125
0 0.07734375 0.5625 0.053125 0.0890625
13 0.02890625 0.30625 0.0578125 0.071875