31 0.0921875 0.5640625 0.06875 0.3515625
31 0.1421875 0.55625 0.071875 0.3546875
31 0.190625 0.553125 0.06875 0.3359375
31 0.24140625 0.55390625 0.0734375 0.346875
35 0.29296875 0.54609375 0.0671875 0.3296875
35 0.34375 0.55703125 0.0703125 0.35
35 0.3921875 0.54453125 0.071875 0.365625
35 0.44296875 0.5484375 0.0703125 0.3484375
36 0.48984375 0.53359375 0.0703125 0.3296875
36 0.53828125 0.52890625 0.0734375 0.378125
36 0.5859375 0.5265625 0.0703125 0.3609375
36 0.63515625 0.5265625 0.0734375 0.3703125
33 0.68359375 0.5171875 0.0703125 0.3484375
33 0.73203125 0.51953125 0.075 0.3640625
19 0.78203125 0.5140625 0.071875 0.35
19 0.83125 0.5140625 0.071875 0.35
19 0.878125 0.50859375 0.06875 0.346875
19 0.9265625 0.5078125 0.0671875 0.3328125