31 0.0421875 0.44921875 0.084375 0.3421875
31 0.08359375 0.44140625 0.0984375 0.3125
31 0.13359375 0.43828125 0.0984375 0.2984375
31 0.1859375 0.4390625 0.0984375 0.309375
35 0.2375 0.4359375 0.1 0.3140625
35 0.29140625 0.4375 0.1 0.321875
35 0.34140625 0.42421875 0.0984375 0.3140625
35 0.39140625 0.42265625 0.1 0.3125
36 0.44140625 0.4078125 0.0984375 0.3109375
36 0.4890625 0.39609375 0.1 0.315625
36 0.5390625 0.39453125 0.1 0.321875
36 0.58984375 0.39453125 0.1 0.3234375
33 0.63984375 0.39140625 0.096875 0.3171875
33 0.68828125 0.38515625 0.1078125 0.334375
34 0.7375 0.37734375 0.1015625 0.3265625
34 0.7875 0.3671875 0.0984375 0.309375
34 0.83828125 0.36640625 0.1 0.31875
34 0.8875 0.36328125 0.1046875 0.340625