31 0.1 0.2609375 0.1328125 0.3765625
31 0.1484375 0.27734375 0.13125 0.3734375
31 0.19921875 0.2765625 0.125 0.35
31 0.246875 0.3015625 0.125 0.353125
35 0.296875 0.30703125 0.11875 0.3375
35 0.34921875 0.3171875 0.128125 0.3671875
35 0.4 0.32734375 0.11875 0.3296875
35 0.44609375 0.346875 0.1234375 0.34375
36 0.4953125 0.36640625 0.125 0.35625
36 0.54453125 0.3734375 0.1265625 0.359375
36 0.59375 0.38125 0.1296875 0.3609375
36 0.640625 0.4015625 0.1265625 0.3671875
33 0.68984375 0.40546875 0.1265625 0.3609375
33 0.73828125 0.42578125 0.1375 0.3890625
33 0.7921875 0.421875 0.1265625 0.3546875
33 0.83828125 0.4453125 0.1265625 0.35625
34 0.88203125 0.46796875 0.128125 0.3671875