31 0.04765625 0.459375 0.0953125 0.378125
31 0.0859375 0.45390625 0.11875 0.375
31 0.13125 0.43125 0.1140625 0.3515625
31 0.18515625 0.4328125 0.1125 0.3546875
35 0.2328125 0.415625 0.10625 0.3390625
35 0.284375 0.40234375 0.1171875 0.36875
35 0.334375 0.3890625 0.1078125 0.33125
35 0.384375 0.3859375 0.1109375 0.3453125
36 0.4375 0.38125 0.1125 0.3578125
36 0.484375 0.36640625 0.1140625 0.3609375
36 0.53203125 0.3515625 0.1171875 0.3625
36 0.5828125 0.35 0.1140625 0.36875
33 0.6296875 0.33203125 0.1140625 0.3625
33 0.68203125 0.32890625 0.125 0.390625
33 0.72890625 0.3015625 0.115625 0.35625
33 0.7796875 0.30234375 0.115625 0.3578125
34 0.8296875 0.30390625 0.1171875 0.36875