4 0.5140625 0.44921875 0.08125 0.2328125
5 0.68515625 0.42265625 0.08125 0.2234375
5 0.63125 0.4390625 0.078125 0.21875
8 0.39921875 0.459375 0.0796875 0.2203125
8 0.34140625 0.4703125 0.0859375 0.2296875
5 0.57265625 0.44609375 0.0859375 0.2375
8 0.4546875 0.44765625 0.0765625 0.2140625
4 0.74609375 0.425 0.0796875 0.228125
5 0.8046875 0.42109375 0.08125 0.228125
7 0.86171875 0.41015625 0.0765625 0.2203125
7 0.9203125 0.40546875 0.0796875 0.228125
2 0.28359375 0.48515625 0.071875 0.221875
1 0.225 0.4890625 0.0703125 0.215625
0 0.16796875 0.49375 0.06875 0.2015625
41 0.11171875 0.50390625 0.0734375 0.2265625
40 0.0515625 0.50546875 0.078125 0.228125