4 0.5203125 0.4515625 0.0546875 0.228125
5 0.69296875 0.44609375 0.05390625 0.21875
5 0.6375 0.45546875 0.053125 0.21328125
8 0.4046875 0.44765625 0.0546875 0.215625
8 0.34609375 0.4515625 0.059375 0.22421875
5 0.57890625 0.45546875 0.05859375 0.2328125
8 0.46171875 0.4421875 0.0515625 0.20859375
4 0.753125 0.45546875 0.05390625 0.22421875
5 0.81171875 0.45859375 0.05390625 0.22421875
7 0.8703125 0.4546875 0.05078125 0.21640625
7 0.92890625 0.45703125 0.053125 0.22421875
2 0.28671875 0.45859375 0.0453125 0.21796875
1 0.228125 0.45546875 0.0453125 0.21171875
0 0.17109375 0.453125 0.0453125 0.196875
41 0.1140625 0.45625 0.04765625 0.22265625
40 0.05390625 0.45078125 0.0515625 0.22421875