4 0.52578125 0.4546875 0.08125 0.2328125
5 0.6984375 0.4703125 0.08125 0.2234375
5 0.6421875 0.47265625 0.078125 0.21875
8 0.41171875 0.43671875 0.0796875 0.2203125
8 0.353125 0.4328125 0.0859375 0.2296875
5 0.58359375 0.465625 0.0859375 0.2375
8 0.46875 0.43828125 0.0765625 0.2140625
4 0.75703125 0.48671875 0.0796875 0.228125
5 0.8140625 0.496875 0.08125 0.228125
7 0.8734375 0.5 0.0765625 0.2203125
7 0.93125 0.509375 0.0796875 0.228125
2 0.29296875 0.4328125 0.071875 0.221875
1 0.2359375 0.42265625 0.0703125 0.215625
0 0.17890625 0.41328125 0.06875 0.2015625
41 0.12265625 0.409375 0.0734375 0.2265625
40 0.06328125 0.396875 0.078125 0.228125