3 0.1578125 0.43203125 0.0515625 0.0671875
7 0.56328125 0.41875 0.053125 0.065625
7 0.38828125 0.42421875 0.05625 0.065625
38 0.03984375 0.43515625 0.065625 0.06875
3 0.21484375 0.43203125 0.05 0.0671875
31 0.93125 0.40625 0.05625 0.06875
31 0.87109375 0.41015625 0.05625 0.065625
8 0.44609375 0.421875 0.053125 0.065625
3 0.27265625 0.428125 0.05 0.0671875
1 0.746875 0.41171875 0.0484375 0.06875
8 0.62265625 0.4171875 0.053125 0.0671875
1 0.68515625 0.4125 0.0484375 0.0671875
1 0.8078125 0.41015625 0.0515625 0.06875
27 0.096875 0.43671875 0.05 0.065625
6 0.5046875 0.4203125 0.0546875 0.065625
6 0.33046875 0.4265625 0.053125 0.0640625