3 0.16328125 0.4078125 0.05 0.065625
7 0.56875 0.4234375 0.0515625 0.0640625
7 0.39375 0.4171875 0.053125 0.0640625
38 0.0453125 0.403125 0.0625 0.065625
3 0.2203125 0.4125 0.0484375 0.065625
31 0.9375 0.43671875 0.0546875 0.0671875
31 0.87578125 0.4359375 0.0546875 0.0625
8 0.4515625 0.41875 0.0515625 0.0640625
3 0.278125 0.4125 0.0484375 0.065625
1 0.75234375 0.4296875 0.046875 0.0671875
8 0.628125 0.42578125 0.0515625 0.065625
1 0.69140625 0.42578125 0.046875 0.065625
1 0.81328125 0.43203125 0.05 0.0671875
27 0.10234375 0.40859375 0.0484375 0.0640625
6 0.51015625 0.4203125 0.053125 0.0640625
6 0.3359375 0.41484375 0.0515625 0.0625