7 0.75078125 0.515625 0.0625 0.0875
7 0.2421875 0.59609375 0.0578125 0.0875
4 0.57734375 0.54140625 0.059375 0.0875
7 0.80859375 0.5078125 0.0625 0.0875
7 0.6921875 0.5234375 0.0625 0.0875
39 0.075 0.6234375 0.059375 0.0890625
4 0.63515625 0.5296875 0.059375 0.0875
29 0.13203125 0.61640625 0.0625 0.0890625
4 0.521875 0.55 0.059375 0.0875
8 0.2984375 0.58671875 0.059375 0.0859375
1 0.41015625 0.5703125 0.0546875 0.0859375
1 0.46484375 0.56015625 0.05625 0.084375
1 0.3546875 0.578125 0.0546875 0.084375
32 0.925 0.484375 0.0609375 0.08125
6 0.1875 0.60625 0.05625 0.0859375
32 0.86953125 0.4953125 0.059375 0.0796875