7 0.75078125 0.5109375 0.0640625 0.0875
7 0.24375 0.60078125 0.059375 0.0875
4 0.578125 0.540625 0.0609375 0.0890625
7 0.80859375 0.50234375 0.0640625 0.0875
7 0.6921875 0.5203125 0.0640625 0.0875
39 0.07734375 0.63125 0.0609375 0.090625
4 0.6359375 0.52734375 0.0609375 0.0875
29 0.13359375 0.62265625 0.0640625 0.090625
4 0.52265625 0.55 0.0609375 0.0890625
8 0.3 0.590625 0.0609375 0.0859375
1 0.41171875 0.571875 0.05625 0.0875
1 0.465625 0.5609375 0.0578125 0.0859375
1 0.35625 0.58125 0.05625 0.0859375
32 0.92421875 0.4765625 0.0625 0.08125
6 0.1890625 0.61171875 0.0578125 0.0875
32 0.86953125 0.4890625 0.059375 0.08125