33 0.23125 0.59765625 0.046875 0.0734375
33 0.2796875 0.590625 0.0484375 0.0734375
33 0.328125 0.58203125 0.05 0.071875
11 0.6125 0.53515625 0.0515625 0.0765625
27 0.09375 0.615625 0.05625 0.0796875
13 0.37734375 0.575 0.0515625 0.0765625
39 0.13671875 0.615625 0.0546875 0.0828125
13 0.421875 0.5671875 0.0484375 0.071875
16 0.765625 0.51015625 0.0546875 0.078125
16 0.71484375 0.51796875 0.0515625 0.078125
13 0.47109375 0.5609375 0.0515625 0.075
16 0.6640625 0.5265625 0.0515625 0.0765625
10 0.56640625 0.54140625 0.0515625 0.0765625
9 0.51796875 0.5515625 0.0515625 0.0765625
17 0.8171875 0.5015625 0.0546875 0.078125
17 0.86796875 0.490625 0.0546875 0.078125
41 0.184375 0.60703125 0.0546875 0.08125