33 0.21875 0.55 0.0375 0.0703125
33 0.2671875 0.55078125 0.0390625 0.06875
33 0.31640625 0.55078125 0.040625 0.0671875
11 0.6046875 0.55390625 0.0421875 0.071875
27 0.0796875 0.54375 0.046875 0.0734375
13 0.36640625 0.55234375 0.0421875 0.071875
39 0.12265625 0.55078125 0.0453125 0.0765625
13 0.41171875 0.55234375 0.0390625 0.06875
16 0.76015625 0.55625 0.0453125 0.071875
16 0.70859375 0.55546875 0.0421875 0.071875
13 0.4609375 0.5546875 0.0421875 0.06875
16 0.65703125 0.5546875 0.0421875 0.071875
10 0.55859375 0.55234375 0.0421875 0.071875
9 0.50859375 0.55390625 0.0421875 0.071875
17 0.8125 0.55703125 0.0453125 0.071875
17 0.8640625 0.5546875 0.0453125 0.0734375
41 0.17109375 0.55078125 0.0453125 0.075