33 0.21953125 0.5546875 0.03671875 0.06953125
33 0.26796875 0.5546875 0.0375 0.06796875
33 0.3171875 0.55390625 0.0390625 0.0671875
11 0.60546875 0.55234375 0.040625 0.07109375
27 0.08046875 0.55078125 0.04453125 0.0734375
13 0.3671875 0.5546875 0.04140625 0.07109375
39 0.1234375 0.55703125 0.04375 0.07578125
13 0.4125 0.55390625 0.0390625 0.06796875
16 0.7609375 0.5515625 0.04375 0.071875
16 0.709375 0.5515625 0.04140625 0.071875
13 0.46171875 0.55546875 0.040625 0.06875
16 0.6578125 0.5515625 0.04140625 0.0703125
10 0.559375 0.5515625 0.03984375 0.071875
9 0.509375 0.55390625 0.040625 0.07109375
17 0.81328125 0.5515625 0.04375 0.07109375
17 0.86484375 0.5484375 0.04375 0.07265625
41 0.171875 0.55625 0.0421875 0.07421875