4 0.9015625 0.4765625 0.0640625 0.0671875
28 0.13671875 0.3421875 0.0515625 0.0609375
16 0.55859375 0.41484375 0.053125 0.0640625
20 0.23984375 0.36015625 0.046875 0.0609375
3 0.840625 0.465625 0.05625 0.065625
5 0.61328125 0.42734375 0.0578125 0.0671875
7 0.72578125 0.4453125 0.0609375 0.0671875
12 0.34453125 0.378125 0.0515625 0.0609375
13 0.3984375 0.3890625 0.05 0.0625
16 0.503125 0.40625 0.05 0.0609375
14 0.4515625 0.39609375 0.05 0.0625
2 0.78359375 0.453125 0.059375 0.0671875
21 0.2921875 0.36796875 0.053125 0.0546875
19 0.1890625 0.3515625 0.05 0.0640625
6 0.6703125 0.434375 0.05625 0.065625
27 0.0828125 0.33359375 0.05625 0.0640625