25 0.18671875 0.44140625 0.05078125 0.06328125
25 0.12890625 0.440625 0.04921875 0.06328125
25 0.24375 0.44140625 0.04609375 0.0625
21 0.71796875 0.4453125 0.0515625 0.05625
38 0.0703125 0.44140625 0.0609375 0.0609375
21 0.6578125 0.44453125 0.04921875 0.05625
23 0.9046875 0.4484375 0.05078125 0.065625
23 0.78125 0.446875 0.0515625 0.06484375
23 0.8421875 0.44765625 0.05078125 0.06640625
9 0.4796875 0.44375 0.0484375 0.06171875
9 0.5390625 0.44375 0.04765625 0.06015625
9 0.59765625 0.44453125 0.04765625 0.06015625
37 0.42109375 0.44375 0.04921875 0.0625
37 0.359375 0.4421875 0.04765625 0.0609375
37 0.3015625 0.44140625 0.0484375 0.06015625