4 0.90078125 0.46953125 0.0625 0.065625
28 0.13359375 0.3484375 0.0515625 0.059375
16 0.55703125 0.4140625 0.053125 0.0640625
20 0.2375 0.36484375 0.046875 0.059375
3 0.83984375 0.459375 0.0546875 0.065625
5 0.6125 0.425 0.05625 0.0671875
7 0.725 0.44140625 0.059375 0.065625
12 0.3421875 0.38046875 0.0515625 0.0609375
13 0.39609375 0.390625 0.05 0.0609375
16 0.5015625 0.40625 0.05 0.0609375
14 0.45 0.396875 0.0484375 0.0609375
2 0.7828125 0.4484375 0.059375 0.065625
21 0.28984375 0.371875 0.0515625 0.0546875
19 0.18671875 0.35703125 0.05 0.0625
6 0.66875 0.43125 0.0546875 0.065625
27 0.0796875 0.340625 0.05625 0.0640625