25 0.1859375 0.446875 0.053125 0.0640625
25 0.128125 0.446875 0.05 0.0640625
25 0.24296875 0.44609375 0.0484375 0.0640625
21 0.7171875 0.44140625 0.053125 0.0578125
38 0.06953125 0.44921875 0.0609375 0.0625
21 0.65703125 0.44140625 0.05 0.0578125
23 0.90390625 0.44140625 0.0515625 0.0671875
23 0.78046875 0.4421875 0.0515625 0.065625
23 0.84140625 0.44140625 0.0515625 0.0671875
9 0.47890625 0.44375 0.0484375 0.0625
9 0.53828125 0.44296875 0.0484375 0.0609375
9 0.596875 0.44296875 0.05 0.0609375
37 0.4203125 0.4453125 0.05 0.0640625
37 0.35859375 0.44453125 0.0484375 0.0609375
37 0.30078125 0.44453125 0.0484375 0.0609375