25 0.18125 0.49140625 0.0609375 0.071875
25 0.12421875 0.49921875 0.0578125 0.0703125
25 0.2375 0.48203125 0.05625 0.06875
21 0.70703125 0.41171875 0.059375 0.0640625
38 0.06640625 0.509375 0.06875 0.0703125
21 0.646875 0.4203125 0.0578125 0.0640625
23 0.89140625 0.3859375 0.059375 0.0734375
23 0.76953125 0.40390625 0.059375 0.071875
23 0.8296875 0.39453125 0.059375 0.0734375
9 0.47109375 0.44765625 0.05625 0.06875
9 0.5296875 0.43828125 0.05625 0.065625
9 0.5875 0.4296875 0.0578125 0.0671875
37 0.41328125 0.45703125 0.0578125 0.06875
37 0.35234375 0.46484375 0.05625 0.065625
37 0.29453125 0.4734375 0.05625 0.0671875