15 0.50078125 0.43671875 0.046875 0.065625
12 0.25078125 0.440625 0.053125 0.0640625
11 0.184375 0.4390625 0.05234375 0.065625
3 0.31171875 0.4375 0.04765625 0.06484375
4 0.3796875 0.4359375 0.053125 0.065625
5 0.43984375 0.43515625 0.05078125 0.065625
20 0.6875 0.4375 0.05546875 0.0625
16 0.5625 0.4359375 0.05 0.0640625
21 0.746875 0.4390625 0.0515625 0.059375
17 0.62421875 0.4375 0.04921875 0.06171875
10 0.11796875 0.44140625 0.05546875 0.06796875
22 0.80859375 0.43828125 0.05234375 0.0578125
35 0.87265625 0.43984375 0.04921875 0.06015625
35 0.93515625 0.43828125 0.046875 0.0546875