15 0.49296875 0.43671875 0.0546875 0.0703125
12 0.2453125 0.47109375 0.0609375 0.06875
11 0.1796875 0.478125 0.0609375 0.071875
3 0.30546875 0.4609375 0.05625 0.0703125
4 0.37265625 0.45078125 0.0609375 0.071875
5 0.43203125 0.44296875 0.059375 0.071875
20 0.678125 0.41484375 0.0625 0.06875
16 0.55390625 0.42890625 0.0578125 0.0703125
21 0.7375 0.409375 0.0578125 0.065625
17 0.615625 0.42265625 0.05625 0.0671875
10 0.1140625 0.48828125 0.0625 0.0734375
22 0.7984375 0.40078125 0.0578125 0.0640625
35 0.8625 0.39453125 0.05625 0.065625
35 0.92421875 0.3859375 0.053125 0.059375