37 0.096875 0.61328125 0.0703125 0.1140625
5 0.46015625 0.6421875 0.0546875 0.115625
5 0.3375 0.63515625 0.0578125 0.1171875
5 0.39921875 0.63515625 0.0578125 0.11875
37 0.0375 0.6078125 0.0671875 0.1078125
11 0.15546875 0.6171875 0.0640625 0.1109375
0 0.52578125 0.634375 0.05625 0.115625
0 0.5859375 0.62421875 0.059375 0.115625
11 0.27734375 0.6328125 0.0609375 0.1125
15 0.703125 0.56640625 0.0609375 0.109375
11 0.21796875 0.60703125 0.059375 0.109375
0 0.64765625 0.6171875 0.05625 0.115625
15 0.7703125 0.57421875 0.0609375 0.1125
15 0.834375 0.56640625 0.0546875 0.109375
38 0.896875 0.56640625 0.0671875 0.1109375