37 0.090625 0.58515625 0.075 0.115625
5 0.45078125 0.6390625 0.059375 0.1171875
5 0.328125 0.6234375 0.0625 0.11875
5 0.38984375 0.628125 0.0625 0.1203125
37 0.03359375 0.575 0.0671875 0.109375
11 0.14765625 0.59296875 0.06875 0.1125
0 0.51640625 0.6359375 0.059375 0.1171875
0 0.5765625 0.6296875 0.0640625 0.1171875
11 0.26875 0.6171875 0.065625 0.1140625
15 0.69765625 0.58046875 0.0640625 0.1125
11 0.21171875 0.5875 0.0640625 0.1109375
0 0.6390625 0.62734375 0.059375 0.1171875
15 0.7640625 0.59296875 0.065625 0.1140625
15 0.82890625 0.5890625 0.059375 0.1125
38 0.890625 0.59375 0.071875 0.1125