5 0.84296875 0.48984375 0.0671875 0.071875
5 0.784375 0.48828125 0.0640625 0.071875
20 0.73125 0.4953125 0.0625 0.0671875
20 0.6734375 0.49140625 0.059375 0.0625
11 0.3796875 0.49609375 0.059375 0.0734375
11 0.3171875 0.50078125 0.0609375 0.075
34 0.04921875 0.509375 0.053125 0.0765625
32 0.184375 0.50390625 0.059375 0.06875
14 0.5 0.4875 0.0546875 0.0671875
19 0.56015625 0.48984375 0.0578125 0.0703125
32 0.25390625 0.50078125 0.0609375 0.0703125
34 0.11796875 0.5078125 0.053125 0.0734375
19 0.61640625 0.48828125 0.0546875 0.0671875
14 0.43984375 0.4921875 0.0546875 0.06875