26 0.39453125 0.47109375 0.07109375 0.0875
25 0.59765625 0.4375 0.06015625 0.08046875
24 0.528125 0.4484375 0.06484375 0.0828125
25 0.325 0.48984375 0.0671875 0.08828125
32 0.79140625 0.40234375 0.05859375 0.0671875
32 0.853125 0.3921875 0.0578125 0.0640625
24 0.2515625 0.49921875 0.07109375 0.09296875
22 0.18203125 0.515625 0.0671875 0.0796875
21 0.1078125 0.52421875 0.0671875 0.07890625
32 0.9203125 0.37890625 0.0578125 0.07578125
19 0.7265625 0.41484375 0.06328125 0.07890625
20 0.0359375 0.53828125 0.0609375 0.08203125
19 0.66171875 0.42578125 0.05859375 0.07734375
23 0.46171875 0.459375 0.06640625 0.08671875