26 0.39296875 0.4765625 0.075 0.090625
25 0.59453125 0.4328125 0.065625 0.084375
24 0.525 0.446875 0.0703125 0.0875
25 0.325 0.49921875 0.0734375 0.0921875
32 0.7859375 0.3875 0.0609375 0.0703125
32 0.846875 0.37421875 0.059375 0.06875
24 0.2515625 0.5125 0.0765625 0.0953125
22 0.18359375 0.53203125 0.071875 0.084375
21 0.109375 0.54453125 0.0703125 0.0828125
32 0.91328125 0.35703125 0.0625 0.0796875
19 0.721875 0.403125 0.0671875 0.0828125
20 0.03828125 0.5625 0.0640625 0.0859375
19 0.6578125 0.4171875 0.0625 0.0796875
23 0.459375 0.46171875 0.071875 0.090625