26 0.3921875 0.48046875 0.078125 0.09375
25 0.5921875 0.42890625 0.0671875 0.0859375
24 0.5234375 0.44609375 0.071875 0.0890625
25 0.325 0.50546875 0.0765625 0.09375
32 0.78203125 0.37734375 0.0640625 0.071875
32 0.8421875 0.36171875 0.0625 0.0703125
24 0.25234375 0.52109375 0.0796875 0.0984375
22 0.184375 0.54296875 0.0734375 0.0859375
21 0.11171875 0.55859375 0.0734375 0.084375
32 0.9078125 0.34296875 0.065625 0.08125
19 0.71796875 0.3953125 0.06875 0.084375
20 0.04140625 0.57890625 0.0671875 0.0875
19 0.6546875 0.41171875 0.0640625 0.08125
23 0.45859375 0.4625 0.075 0.0921875