15 0.53125 0.33515625 0.06875 0.084375
13 0.37734375 0.36796875 0.0796875 0.103125
17 0.29140625 0.37890625 0.0796875 0.103125
10 0.60625 0.32578125 0.0765625 0.090625
14 0.459375 0.35703125 0.0765625 0.1015625
17 0.11171875 0.40234375 0.075 0.1046875
17 0.20703125 0.3953125 0.0859375 0.10625
10 0.68828125 0.33671875 0.0640625 0.090625
10 0.75625 0.3265625 0.071875 0.0890625
9 0.83046875 0.32109375 0.0671875 0.0890625
9 0.9 0.31796875 0.071875 0.0890625
31 0.346875 0.61171875 0.090625 0.121875
31 0.44765625 0.59375 0.078125 0.1109375
31 0.54375 0.571875 0.075 0.1109375