33 0.4234375 0.48359375 0.046875 0.0640625
33 0.484375 0.4796875 0.05 0.0625
8 0.93515625 0.45078125 0.05625 0.0671875
31 0.60078125 0.4765625 0.0515625 0.065625
8 0.8796875 0.45390625 0.053125 0.0671875
31 0.54375 0.47734375 0.05 0.0671875
35 0.36328125 0.484375 0.053125 0.06875
35 0.3 0.48671875 0.053125 0.0703125
34 0.1703125 0.5 0.05 0.075
34 0.23671875 0.4953125 0.0515625 0.075
9 0.6578125 0.47109375 0.05 0.06875
22 0.82578125 0.4578125 0.046875 0.059375
41 0.10703125 0.50078125 0.05625 0.0765625
9 0.715625 0.46796875 0.05 0.0625
22 0.77265625 0.4625 0.046875 0.0625