15 0.5453125 0.33828125 0.0625 0.0796875
13 0.3890625 0.3578125 0.071875 0.096875
17 0.303125 0.3609375 0.071875 0.096875
10 0.62109375 0.3359375 0.06875 0.084375
14 0.471875 0.35390625 0.06875 0.0953125
17 0.121875 0.36875 0.065625 0.1
17 0.2171875 0.3703125 0.078125 0.1
10 0.7015625 0.35390625 0.05625 0.0859375
10 0.7703125 0.34921875 0.065625 0.0828125
9 0.84453125 0.35078125 0.0609375 0.084375
9 0.9140625 0.353125 0.065625 0.084375
31 0.3375 0.59765625 0.08125 0.115625
31 0.43984375 0.5890625 0.06875 0.10625
31 0.5375 0.57578125 0.065625 0.10625