33 0.42890625 0.46796875 0.059375 0.071875
33 0.4890625 0.4765625 0.0625 0.071875
8 0.9359375 0.5421875 0.06875 0.078125
31 0.603125 0.49765625 0.0640625 0.075
8 0.88125 0.53359375 0.065625 0.0765625
31 0.54765625 0.48671875 0.0625 0.0765625
35 0.36953125 0.45625 0.065625 0.078125
35 0.30703125 0.4453125 0.065625 0.0796875
34 0.17734375 0.43125 0.0640625 0.0828125
34 0.24375 0.440625 0.065625 0.084375
9 0.66015625 0.5046875 0.0640625 0.078125
22 0.82734375 0.5265625 0.0578125 0.06875
41 0.115625 0.41875 0.0703125 0.0875
9 0.7171875 0.51328125 0.0625 0.071875
22 0.77421875 0.5203125 0.059375 0.0703125