15 0.5453125 0.33828125 0.06171875 0.08046875
13 0.3890625 0.3578125 0.0734375 0.09609375
17 0.303125 0.3609375 0.071875 0.0984375
10 0.62109375 0.3359375 0.06875 0.08515625
14 0.471875 0.35390625 0.0671875 0.09609375
17 0.121875 0.36875 0.06640625 0.09921875
17 0.2171875 0.3703125 0.0765625 0.09921875
10 0.7015625 0.35390625 0.05703125 0.08671875
10 0.7703125 0.34921875 0.06484375 0.08359375
9 0.84453125 0.35078125 0.06015625 0.084375
9 0.9140625 0.353125 0.0640625 0.084375
31 0.3375 0.59765625 0.0796875 0.115625
31 0.43984375 0.5890625 0.06875 0.10546875
31 0.5375 0.57578125 0.06484375 0.10625