33 0.446875 0.496875 0.0765625 0.0921875
33 0.52890625 0.50703125 0.0765625 0.090625
33 0.36875 0.4890625 0.0703125 0.090625
16 0.73828125 0.42734375 0.0859375 0.1046875
1 0.96796875 0.56328125 0.0640625 0.0984375
1 0.903125 0.55625 0.0796875 0.1046875
16 0.6703125 0.42265625 0.084375 0.10625
1 0.8296875 0.54453125 0.078125 0.1046875
31 0.67734375 0.52734375 0.078125 0.1015625
31 0.75 0.534375 0.0796875 0.1
31 0.60390625 0.51953125 0.078125 0.1
37 0.59375 0.4140625 0.0875 0.10625
37 0.5234375 0.40546875 0.0859375 0.10625
33 0.284375 0.475 0.0734375 0.09375
39 0.06796875 0.46484375 0.1125 0.134375
37 0.44921875 0.39609375 0.084375 0.1078125