15 0.21015625 0.48984375 0.075 0.0921875
15 0.13984375 0.503125 0.075 0.090625
36 0.54140625 0.4203125 0.059375 0.0703125
36 0.47890625 0.43515625 0.0625 0.0734375
15 0.065625 0.51796875 0.078125 0.09375
34 0.7234375 0.3859375 0.0578125 0.071875
36 0.603125 0.409375 0.0578125 0.0671875
34 0.6640625 0.39921875 0.059375 0.075
18 0.4171875 0.44453125 0.06875 0.078125
23 0.8890625 0.3515625 0.0609375 0.0765625
23 0.834375 0.3625 0.0625 0.078125
18 0.34765625 0.4609375 0.071875 0.084375
23 0.7796875 0.37265625 0.0625 0.078125
18 0.2796875 0.475 0.0734375 0.0875