7 0.5609375 0.48359375 0.071875 0.0953125
4 0.734375 0.44765625 0.0734375 0.09375
7 0.50078125 0.4984375 0.0734375 0.0984375
5 0.4390625 0.51328125 0.0765625 0.1
16 0.675 0.45703125 0.071875 0.09375
16 0.6140625 0.4703125 0.071875 0.09375
5 0.378125 0.52890625 0.0765625 0.1
26 0.30625 0.53984375 0.0828125 0.103125
4 0.78046875 0.43046875 0.071875 0.090625
26 0.23515625 0.55859375 0.0828125 0.1046875
14 0.09296875 0.590625 0.084375 0.109375
33 0.88359375 0.40546875 0.0640625 0.08125
33 0.83984375 0.42265625 0.0609375 0.078125
14 0.1640625 0.5796875 0.0796875 0.10625