7 0.56171875 0.515625 0.0703125 0.0953125
4 0.73046875 0.56796875 0.071875 0.09375
7 0.5015625 0.49921875 0.071875 0.096875
5 0.43984375 0.48203125 0.075 0.0984375
16 0.67421875 0.54765625 0.0703125 0.0921875
16 0.6140625 0.5296875 0.0703125 0.09375
5 0.3796875 0.465625 0.075 0.1
26 0.3109375 0.440625 0.0828125 0.1015625
4 0.77890625 0.575 0.0703125 0.090625
26 0.23984375 0.42265625 0.08125 0.1046875
14 0.1 0.38203125 0.0828125 0.109375
33 0.88203125 0.603125 0.0625 0.08125
33 0.83515625 0.596875 0.059375 0.0765625
14 0.1671875 0.40625 0.078125 0.10625