7 0.56328125 0.5 0.05234375 0.08515625
4 0.73984375 0.51015625 0.053125 0.08203125
7 0.5015625 0.4984375 0.0515625 0.08671875
5 0.4375 0.496875 0.0546875 0.0890625
16 0.68046875 0.50390625 0.0515625 0.0828125
16 0.61796875 0.50078125 0.05078125 0.08359375
5 0.375 0.49609375 0.0546875 0.0890625
26 0.30234375 0.48828125 0.0625 0.08984375
4 0.7890625 0.50546875 0.053125 0.07890625
26 0.22890625 0.48828125 0.06171875 0.0921875
14 0.08359375 0.48203125 0.06015625 0.096875
33 0.8953125 0.5078125 0.046875 0.0703125
33 0.8484375 0.51328125 0.04453125 0.06875
14 0.1546875 0.48984375 0.05625 0.09453125