15 0.2109375 0.484375 0.0734375 0.090625
15 0.13984375 0.496875 0.0734375 0.0890625
36 0.54296875 0.42109375 0.0578125 0.06875
36 0.4796875 0.43515625 0.0609375 0.071875
15 0.06484375 0.5109375 0.0765625 0.0921875
34 0.725 0.38984375 0.05625 0.071875
36 0.6046875 0.4109375 0.05625 0.065625
34 0.66640625 0.4015625 0.059375 0.075
18 0.41796875 0.44296875 0.06875 0.078125
23 0.8921875 0.3578125 0.059375 0.075
23 0.83671875 0.36796875 0.0625 0.0765625
18 0.3484375 0.45859375 0.0703125 0.0828125
23 0.78203125 0.37734375 0.0609375 0.0765625
18 0.28046875 0.47109375 0.0734375 0.0859375