33 0.44921875 0.515625 0.08125 0.096875
33 0.5296875 0.496875 0.08125 0.09375
33 0.3734375 0.534375 0.075 0.09375
16 0.69921875 0.35 0.0921875 0.1078125
1 0.9625 0.39921875 0.071875 0.1015625
1 0.89765625 0.41484375 0.0859375 0.1078125
16 0.63359375 0.36953125 0.090625 0.109375
1 0.825 0.42890625 0.084375 0.1078125
31 0.6765625 0.46484375 0.084375 0.1046875
31 0.746875 0.446875 0.084375 0.1046875
31 0.60390625 0.4828125 0.0828125 0.103125
37 0.55859375 0.38671875 0.09375 0.109375
37 0.48984375 0.403125 0.0921875 0.109375
33 0.2890625 0.55078125 0.0796875 0.096875
39 0.08203125 0.6140625 0.1203125 0.1390625
37 0.41640625 0.41953125 0.090625 0.1109375