41 0.025 0.49296875 0.05 0.1046875
36 0.75078125 0.5265625 0.0578125 0.0734375
10 0.584375 0.52421875 0.065625 0.0875
36 0.69765625 0.5265625 0.059375 0.071875
19 0.15 0.50390625 0.0671875 0.096875
18 0.40546875 0.509375 0.0640625 0.0875
18 0.28046875 0.50703125 0.06875 0.0890625
18 0.34296875 0.50859375 0.065625 0.0921875
10 0.52890625 0.5203125 0.0609375 0.0890625
10 0.63984375 0.5265625 0.0640625 0.0859375
19 0.215625 0.50703125 0.065625 0.09375
18 0.46640625 0.51640625 0.065625 0.0859375
19 0.08359375 0.49921875 0.065625 0.096875
14 0.80859375 0.5328125 0.0640625 0.084375
14 0.9140625 0.5359375 0.065625 0.0859375
14 0.8609375 0.534375 0.065625 0.0859375