25 0.30546875 0.42421875 0.103125 0.053125
31 0.78515625 0.57265625 0.134375 0.08125
25 0.48359375 0.41328125 0.090625 0.0515625
34 0.57265625 0.41484375 0.0890625 0.0515625
31 0.9015625 0.56953125 0.153125 0.0828125
25 0.39296875 0.41640625 0.0921875 0.0515625
31 0.67109375 0.578125 0.1203125 0.0796875
34 0.6640625 0.41171875 0.096875 0.0515625
21 0.43671875 0.58984375 0.115625 0.0828125
21 0.3109375 0.5984375 0.13125 0.0828125
38 0.553125 0.58515625 0.1171875 0.084375
20 0.21796875 0.42734375 0.109375 0.053125
20 0.12734375 0.43203125 0.1171875 0.053125
34 0.75078125 0.4046875 0.103125 0.053125
21 0.19609375 0.6125 0.1484375 0.0875