41 0.02421875 0.56015625 0.0484375 0.0984375
36 0.75234375 0.49140625 0.04921875 0.06796875
10 0.58671875 0.5125 0.05390625 0.08203125
36 0.69921875 0.4984375 0.05078125 0.0671875
19 0.15390625 0.55234375 0.05546875 0.090625
18 0.4078125 0.52265625 0.05390625 0.08125
18 0.28359375 0.5375 0.05703125 0.08203125
18 0.34609375 0.53046875 0.05546875 0.0859375
10 0.53125 0.51640625 0.05078125 0.08203125
10 0.6421875 0.50703125 0.05390625 0.08046875
19 0.21953125 0.546875 0.05390625 0.08828125
18 0.46875 0.52109375 0.0546875 0.07890625
19 0.0875 0.55703125 0.05390625 0.090625
14 0.81015625 0.48984375 0.0546875 0.07734375
14 0.91484375 0.478125 0.0546875 0.07890625
14 0.8625 0.48359375 0.0546875 0.07890625