41 0.04453125 0.65 0.065625 0.10625
36 0.74609375 0.44375 0.0609375 0.075
10 0.5875 0.49609375 0.06875 0.090625
36 0.6953125 0.46015625 0.0625 0.075
19 0.1703125 0.6171875 0.071875 0.1
18 0.4140625 0.53984375 0.0671875 0.090625
18 0.29453125 0.578125 0.071875 0.090625
18 0.3546875 0.559375 0.0703125 0.0953125
10 0.53359375 0.51015625 0.065625 0.090625
10 0.640625 0.4796875 0.0671875 0.0890625
19 0.23359375 0.59921875 0.0703125 0.096875
18 0.4734375 0.5265625 0.0703125 0.0890625
19 0.10625 0.634375 0.0703125 0.0984375
14 0.80234375 0.43046875 0.06875 0.0859375
14 0.903125 0.39921875 0.06875 0.0875
14 0.85234375 0.41484375 0.0703125 0.0890625