25 0.309375 0.4140625 0.1015625 0.0484375
31 0.78125 0.5875 0.13125 0.07421875
25 0.48828125 0.4125 0.0890625 0.046875
34 0.57734375 0.41875 0.0875 0.04609375
31 0.89765625 0.590625 0.14921875 0.0765625
25 0.39765625 0.4109375 0.08984375 0.046875
31 0.66640625 0.58671875 0.1171875 0.0734375
34 0.66875 0.4203125 0.0953125 0.04765625
21 0.43203125 0.58671875 0.1125 0.0765625
21 0.30625 0.58828125 0.128125 0.07734375
38 0.5484375 0.5875 0.1125 0.078125
20 0.221875 0.4125 0.1078125 0.046875
20 0.13125 0.4125 0.115625 0.046875
34 0.75546875 0.41796875 0.10078125 0.04765625
21 0.190625 0.59609375 0.14453125 0.0796875