4 0.796875 0.44921875 0.0484375 0.0578125
7 0.50390625 0.47578125 0.0390625 0.059375
8 0.8984375 0.43984375 0.053125 0.0625
7 0.5515625 0.47265625 0.040625 0.059375
1 0.59765625 0.46484375 0.040625 0.05625
3 0.74375 0.45390625 0.0453125 0.0609375
29 0.15859375 0.4984375 0.046875 0.059375
8 0.95625 0.43828125 0.05625 0.065625
7 0.45546875 0.478125 0.0390625 0.0578125
1 0.64609375 0.4609375 0.0421875 0.0578125
30 0.2265625 0.49453125 0.0515625 0.0625
28 0.11328125 0.4984375 0.0453125 0.05625
34 0.3875 0.484375 0.040625 0.05625
34 0.340625 0.48828125 0.0359375 0.0546875
2 0.69453125 0.4609375 0.04375 0.059375
8 0.84609375 0.4453125 0.05 0.059375
34 0.29296875 0.490625 0.0359375 0.05625
39 0.06875 0.503125 0.0453125 0.05625