25 0.325 0.38515625 0.10625 0.0625
31 0.7640625 0.63046875 0.140625 0.09375
25 0.50234375 0.41171875 0.0953125 0.0609375
34 0.5890625 0.43203125 0.09375 0.059375
31 0.87890625 0.6515625 0.159375 0.0984375
25 0.4125 0.39609375 0.0953125 0.0609375
31 0.65078125 0.61171875 0.1265625 0.090625
34 0.67890625 0.44765625 0.1 0.0609375
21 0.41953125 0.575 0.1234375 0.09375
21 0.29453125 0.55703125 0.1390625 0.0953125
38 0.534375 0.59375 0.1234375 0.0953125
20 0.2390625 0.3703125 0.1125 0.0625
20 0.14921875 0.35625 0.121875 0.0640625
34 0.76484375 0.45859375 0.1078125 0.0640625
21 0.1796875 0.546875 0.1546875 0.1015625