5 0.36015625 0.396875 0.0796875 0.096875
5 0.43515625 0.4 0.078125 0.0921875
31 0.28515625 0.39375 0.0859375 0.1015625
2 0.5 0.40625 0.071875 0.0875
2 0.5640625 0.4109375 0.06875 0.0859375
21 0.89140625 0.43515625 0.065625 0.0765625
31 0.2078125 0.384375 0.084375 0.1
18 0.61875 0.4125 0.071875 0.08125
35 0.0515625 0.35625 0.084375 0.11875
21 0.846875 0.43359375 0.0640625 0.071875
18 0.6828125 0.41875 0.0703125 0.078125
19 0.7328125 0.4203125 0.0703125 0.0796875
35 0.128125 0.378125 0.084375 0.10625
19 0.79296875 0.4265625 0.06875 0.0765625