5 0.34609375 0.4203125 0.06796875 0.0875
5 0.4203125 0.41171875 0.065625 0.0828125
31 0.27109375 0.42890625 0.071875 0.09140625
2 0.48515625 0.4078125 0.0609375 0.0796875
2 0.54921875 0.40234375 0.05859375 0.078125
21 0.8765625 0.375 0.05625 0.06875
31 0.19296875 0.43125 0.07109375 0.090625
18 0.60390625 0.3953125 0.06015625 0.07265625
35 0.034375 0.428125 0.06875 0.109375
21 0.83203125 0.38046875 0.05390625 0.06484375
18 0.66796875 0.39140625 0.059375 0.0703125
19 0.7171875 0.38515625 0.059375 0.071875
35 0.11328125 0.4375 0.07109375 0.09765625
19 0.778125 0.38125 0.059375 0.06875