5 0.35546875 0.4046875 0.0765625 0.09375
5 0.4296875 0.40390625 0.0734375 0.0890625
31 0.2796875 0.40546875 0.08125 0.0984375
2 0.49453125 0.40703125 0.06875 0.084375
2 0.559375 0.4078125 0.065625 0.084375
21 0.8875 0.41484375 0.0625 0.075
31 0.2015625 0.39921875 0.0796875 0.096875
18 0.6140625 0.40703125 0.0671875 0.078125
35 0.04453125 0.3796875 0.0796875 0.115625
21 0.84296875 0.415625 0.0609375 0.0703125
18 0.678125 0.409375 0.065625 0.0765625
19 0.728125 0.40859375 0.0671875 0.078125
35 0.121875 0.39765625 0.0796875 0.1046875
19 0.7890625 0.4109375 0.065625 0.075