4 0.8 0.46953125 0.0484375 0.0578125
7 0.50546875 0.47578125 0.0390625 0.059375
8 0.9015625 0.46796875 0.053125 0.0625
7 0.553125 0.47578125 0.040625 0.059375
1 0.6 0.47109375 0.040625 0.05625
3 0.74609375 0.47109375 0.0453125 0.0609375
29 0.159375 0.475 0.046875 0.059375
8 0.959375 0.46953125 0.05625 0.065625
7 0.45703125 0.475 0.0390625 0.0578125
1 0.6484375 0.471875 0.0421875 0.0578125
30 0.22734375 0.47578125 0.0515625 0.0625
28 0.1140625 0.471875 0.0453125 0.05625
34 0.3890625 0.4765625 0.040625 0.05625
34 0.3421875 0.47734375 0.0359375 0.0546875
2 0.696875 0.475 0.04375 0.059375
8 0.84921875 0.46953125 0.05 0.059375
34 0.29453125 0.4765625 0.0359375 0.05625
39 0.06953125 0.4734375 0.0453125 0.05625