15 0.28125 0.48671875 0.04140625 0.071875
11 0.6 0.48359375 0.0390625 0.06875
41 0.11953125 0.490625 0.04921875 0.078125
13 0.17265625 0.4859375 0.04375 0.07578125
17 0.86484375 0.48671875 0.04453125 0.06875
14 0.440625 0.484375 0.03828125 0.06953125
14 0.22578125 0.48828125 0.04375 0.075
40 0.065625 0.4890625 0.04921875 0.07578125
10 0.54765625 0.484375 0.0390625 0.06796875
35 0.7078125 0.4859375 0.04140625 0.06796875
14 0.33671875 0.48671875 0.0421875 0.07109375
35 0.76015625 0.48359375 0.040625 0.0671875
35 0.65234375 0.48203125 0.0421875 0.06484375
17 0.81328125 0.48671875 0.040625 0.06640625
14 0.38828125 0.484375 0.0390625 0.0703125
9 0.49375 0.48828125 0.03828125 0.065625