15 0.80078125 0.5234375 0.05625 0.06875
4 0.33984375 0.48828125 0.06875 0.0828125
5 0.3984375 0.4875 0.0671875 0.0796875
3 0.2171875 0.4796875 0.0703125 0.0859375
38 0.0859375 0.46015625 0.075 0.0875
3 0.278125 0.4828125 0.0703125 0.084375
6 0.4546875 0.496875 0.0609375 0.0734375
20 0.6109375 0.509375 0.0640625 0.0734375
1 0.65703125 0.5140625 0.05625 0.0703125
17 0.88984375 0.53046875 0.0640625 0.0703125
16 0.84296875 0.5296875 0.0578125 0.0703125
3 0.75234375 0.51875 0.0609375 0.0734375
18 0.50546875 0.49921875 0.0609375 0.0734375
40 0.153125 0.46875 0.06875 0.0859375
2 0.7125 0.5203125 0.0609375 0.0734375
19 0.5578125 0.50546875 0.0609375 0.0734375