15 0.74453125 0.53125 0.053125 0.0796875
15 0.61171875 0.51875 0.0515625 0.0796875
30 0.16015625 0.47109375 0.05625 0.0828125
16 0.78984375 0.53671875 0.053125 0.08125
13 0.34453125 0.48984375 0.0546875 0.0796875
27 0.06796875 0.46171875 0.0578125 0.0859375
28 0.11484375 0.465625 0.0578125 0.0828125
14 0.565625 0.51328125 0.053125 0.078125
39 0.20546875 0.4765625 0.05625 0.0828125
10 0.70390625 0.52734375 0.053125 0.0796875
13 0.525 0.509375 0.0515625 0.0796875
10 0.65703125 0.5234375 0.053125 0.078125
11 0.253125 0.48046875 0.05625 0.0828125
35 0.38828125 0.49453125 0.0515625 0.0796875
35 0.4359375 0.5 0.053125 0.0796875
12 0.29609375 0.484375 0.05625 0.0796875
35 0.48046875 0.5046875 0.053125 0.0796875
17 0.83359375 0.5390625 0.053125 0.0796875
7 0.30078125 0.00859375 0.0578125 0.0171875
34 0.2828125 0.09765625 0.0609375 0.0609375