15 0.390625 0.5328125 0.0515625 0.078125
15 0.4421875 0.53828125 0.05 0.0796875
16 0.496875 0.5453125 0.05625 0.08125
20 0.70859375 0.56875 0.059375 0.08125
40 0.06640625 0.5 0.0640625 0.0890625
41 0.12109375 0.50625 0.0578125 0.084375
24 0.86796875 0.58671875 0.059375 0.08125
13 0.28203125 0.521875 0.053125 0.0765625
18 0.6015625 0.553125 0.05625 0.078125
12 0.22734375 0.515625 0.053125 0.0796875
14 0.3359375 0.52734375 0.0515625 0.0765625
12 0.175 0.509375 0.0546875 0.0828125
22 0.7640625 0.575 0.053125 0.075
23 0.81796875 0.58203125 0.05625 0.08125
19 0.65625 0.56328125 0.0546875 0.078125
17 0.54765625 0.55 0.0546875 0.0796875