36 0.33828125 0.55546875 0.071875 0.0984375
25 0.79140625 0.44296875 0.065625 0.09375
24 0.7453125 0.453125 0.0671875 0.09375
29 0.115625 0.60859375 0.0765625 0.1046875
25 0.8390625 0.43046875 0.0625 0.0921875
20 0.54453125 0.50078125 0.06875 0.090625
36 0.2265625 0.58203125 0.075 0.1015625
19 0.4921875 0.51484375 0.071875 0.096875
18 0.38984375 0.54140625 0.0703125 0.096875
18 0.44296875 0.52890625 0.071875 0.096875
40 0.17109375 0.59609375 0.075 0.1015625
23 0.6453125 0.47734375 0.0671875 0.09375
21 0.5953125 0.48828125 0.0640625 0.0875
23 0.69453125 0.465625 0.065625 0.09375
36 0.28203125 0.571875 0.075 0.103125
11 0.40625 0.0515625 0.0828125 0.096875