26 0.79453125 0.40078125 0.078125 0.0890625
7 0.62421875 0.4546875 0.0703125 0.084375
39 0.05625 0.64609375 0.0875 0.109375
17 0.90078125 0.365625 0.06875 0.0765625
2 0.32109375 0.5578125 0.0828125 0.1015625
6 0.50390625 0.49296875 0.071875 0.0921875
7 0.67890625 0.43359375 0.071875 0.0859375
26 0.73515625 0.41875 0.0796875 0.0875
6 0.56328125 0.4734375 0.0703125 0.0875
2 0.25390625 0.58125 0.084375 0.1046875
17 0.84921875 0.38359375 0.065625 0.078125
3 0.38671875 0.534375 0.078125 0.096875
37 0.18671875 0.60078125 0.0828125 0.1046875
37 0.11875 0.6234375 0.0875 0.1078125
3 0.44609375 0.51484375 0.0765625 0.096875