36 0.3296875 0.48515625 0.06875 0.096875
25 0.78984375 0.56640625 0.0625 0.09375
24 0.74296875 0.55703125 0.065625 0.0921875
29 0.1046875 0.44296875 0.075 0.103125
25 0.83828125 0.57421875 0.0609375 0.0921875
20 0.53984375 0.51875 0.065625 0.0890625
36 0.21640625 0.46328125 0.0734375 0.1015625
19 0.48671875 0.51015625 0.06875 0.0953125
18 0.3828125 0.49296875 0.0671875 0.0953125
18 0.4359375 0.503125 0.06875 0.0953125
40 0.16015625 0.45390625 0.071875 0.1015625
23 0.6421875 0.5390625 0.0640625 0.0921875
21 0.59140625 0.528125 0.0609375 0.0859375
23 0.6921875 0.54765625 0.0640625 0.0921875
36 0.27109375 0.47734375 0.0734375 0.1015625
11 0.596875 0.05234375 0.08125 0.0953125