15 0.7453125 0.47578125 0.0515625 0.0796875
15 0.61328125 0.49296875 0.05 0.078125
30 0.1625 0.54765625 0.0546875 0.0828125
16 0.790625 0.4703125 0.0515625 0.08125
13 0.34609375 0.525 0.053125 0.0796875
27 0.0703125 0.56015625 0.05625 0.084375
28 0.11640625 0.553125 0.05625 0.0828125
14 0.56640625 0.4984375 0.0515625 0.078125
39 0.2078125 0.54296875 0.0546875 0.0828125
10 0.7046875 0.48046875 0.0515625 0.0796875
13 0.5265625 0.50390625 0.05 0.078125
10 0.6578125 0.4875 0.0515625 0.078125
11 0.2546875 0.53671875 0.0546875 0.0828125
35 0.38984375 0.5203125 0.05 0.0796875
35 0.4375 0.5140625 0.0515625 0.0796875
12 0.2984375 0.53046875 0.0546875 0.0796875
35 0.48203125 0.50859375 0.0515625 0.0796875
17 0.83359375 0.46328125 0.0515625 0.0796875
7 0.1921875 0.05078125 0.0578125 0.046875
34 0.19765625 0.15703125 0.0609375 0.059375