15 0.28125 0.5171875 0.05 0.0765625
11 0.596875 0.46953125 0.046875 0.0734375
41 0.121875 0.54375 0.059375 0.084375
13 0.17421875 0.53125 0.053125 0.08125
17 0.859375 0.4359375 0.0546875 0.075
14 0.4390625 0.49296875 0.046875 0.0734375
14 0.2265625 0.5265625 0.053125 0.0796875
40 0.06796875 0.55 0.059375 0.08125
10 0.5453125 0.478125 0.0484375 0.0734375
35 0.70390625 0.45703125 0.05 0.0734375
14 0.33671875 0.509375 0.0515625 0.075
35 0.75546875 0.44765625 0.05 0.071875
35 0.6484375 0.4609375 0.05 0.06875
17 0.80859375 0.44296875 0.05 0.071875
14 0.3875 0.5 0.0484375 0.0734375
9 0.4921875 0.4890625 0.046875 0.0703125