15 0.4109375 0.57109375 0.059375 0.08125
15 0.4609375 0.55703125 0.0578125 0.0828125
16 0.5140625 0.54296875 0.0640625 0.084375
20 0.71953125 0.4859375 0.0671875 0.084375
40 0.09765625 0.6625 0.071875 0.09375
41 0.15078125 0.64765625 0.0640625 0.0875
24 0.8734375 0.4421875 0.0671875 0.0859375
13 0.30625 0.6015625 0.059375 0.0796875
18 0.6140625 0.5109375 0.0625 0.08125
12 0.253125 0.61640625 0.0609375 0.0828125
14 0.35859375 0.58671875 0.0578125 0.0796875
12 0.20234375 0.63046875 0.0609375 0.0859375
22 0.77265625 0.4703125 0.059375 0.078125
23 0.82578125 0.45625 0.0640625 0.084375
19 0.66796875 0.5 0.0609375 0.08125
17 0.5625 0.52890625 0.0625 0.0828125