26 0.80703125 0.453125 0.0671875 0.08125
7 0.63046875 0.47734375 0.0609375 0.0765625
39 0.0375 0.5671875 0.0734375 0.1015625
17 0.91796875 0.43671875 0.0609375 0.0703125
2 0.31328125 0.52578125 0.0703125 0.09375
6 0.5046875 0.49375 0.0609375 0.0859375
7 0.6875 0.465625 0.0625 0.0796875
26 0.74609375 0.46015625 0.0703125 0.0796875
6 0.56640625 0.484375 0.059375 0.08125
2 0.24375 0.53671875 0.071875 0.096875
17 0.8640625 0.44609375 0.05625 0.071875
3 0.3828125 0.5140625 0.0671875 0.0890625
37 0.17421875 0.5453125 0.0703125 0.096875
37 0.103125 0.55546875 0.075 0.0984375
3 0.44453125 0.50546875 0.065625 0.0890625