25 0.3625 0.46796875 0.065625 0.08359375
18 0.10703125 0.46875 0.08125 0.08828125
11 0.5546875 0.465625 0.059375 0.08359375
26 0.4296875 0.4671875 0.06171875 0.08125
20 0.23359375 0.47265625 0.071875 0.084375
19 0.1703125 0.471875 0.08046875 0.0875
24 0.29765625 0.46796875 0.06796875 0.084375
7 0.80859375 0.46796875 0.06640625 0.08359375
6 0.68046875 0.465625 0.0625 0.08671875
11 0.6171875 0.46484375 0.06015625 0.084375
6 0.7421875 0.46875 0.0609375 0.08203125
10 0.4921875 0.4671875 0.0578125 0.08203125
33 0.86640625 0.4671875 0.0421875 0.08515625