41 0.09765625 0.53515625 0.06875 0.084375
8 0.70234375 0.4765625 0.0609375 0.078125
4 0.20078125 0.525 0.0609375 0.08125
7 0.63515625 0.48125 0.0578125 0.078125
31 0.5140625 0.496875 0.0578125 0.075
31 0.45390625 0.503125 0.059375 0.078125
6 0.5734375 0.4875 0.0578125 0.0765625
0 0.9375 0.4578125 0.0609375 0.071875
31 0.39453125 0.51015625 0.0578125 0.078125
6 0.33203125 0.5171875 0.0578125 0.0796875
37 0.7609375 0.47265625 0.0609375 0.0796875
38 0.4328125 0.42734375 0.059375 0.078125
5 0.26875 0.5234375 0.05625 0.0796875
37 0.821875 0.46796875 0.0609375 0.0796875
40 0.03125 0.54140625 0.0625 0.0828125
37 0.87734375 0.46328125 0.0640625 0.078125
0 0.9828125 0.45234375 0.034375 0.0671875