15 0.746875 0.5015625 0.0453125 0.075
15 0.61328125 0.5046875 0.04296875 0.07421875
30 0.159375 0.5125 0.04609375 0.07734375
16 0.7921875 0.50078125 0.04453125 0.0765625
13 0.34453125 0.50859375 0.0453125 0.075
27 0.06640625 0.51484375 0.0484375 0.08046875
28 0.11328125 0.5125 0.04921875 0.07734375
14 0.56640625 0.50546875 0.04375 0.07421875
39 0.2046875 0.5125 0.046875 0.078125
10 0.70546875 0.50234375 0.04375 0.075
13 0.52578125 0.50625 0.04296875 0.07421875
10 0.65859375 0.50390625 0.04375 0.07421875
11 0.25234375 0.5109375 0.046875 0.07734375
35 0.38828125 0.50859375 0.04296875 0.075
35 0.43671875 0.5078125 0.04375 0.075
12 0.29609375 0.509375 0.046875 0.07578125
35 0.48125 0.50703125 0.04375 0.075
17 0.8359375 0.4984375 0.04296875 0.07578125
7 0.240625 0.02109375 0.05390625 0.0421875
34 0.23515625 0.12734375 0.05546875 0.05390625