41 0.1046875 0.415625 0.0796875 0.0921875
8 0.7 0.53671875 0.071875 0.0859375
4 0.20703125 0.4359375 0.071875 0.0890625
7 0.634375 0.52109375 0.06875 0.084375
31 0.5140625 0.50078125 0.06875 0.08125
31 0.45546875 0.48984375 0.0703125 0.0859375
6 0.57421875 0.51015625 0.06875 0.084375
0 0.93046875 0.5875 0.0703125 0.0796875
31 0.39609375 0.47890625 0.06875 0.0859375
6 0.334375 0.4671875 0.06875 0.0859375
37 0.7578125 0.55 0.071875 0.0859375
38 0.45703125 0.4109375 0.0703125 0.0859375
5 0.27265625 0.4546875 0.0671875 0.0859375
37 0.8171875 0.56328125 0.071875 0.0859375
40 0.03984375 0.40234375 0.075 0.090625
37 0.87109375 0.575 0.075 0.084375
0 0.97578125 0.5953125 0.04375 0.0703125