36 0.3296875 0.51796875 0.05390625 0.0890625
25 0.796875 0.51015625 0.04765625 0.08515625
24 0.74921875 0.509375 0.05 0.08515625
29 0.10078125 0.51953125 0.05703125 0.09375
25 0.84609375 0.50859375 0.0453125 0.084375
20 0.54296875 0.5109375 0.05078125 0.08203125
36 0.21484375 0.51796875 0.05625 0.09140625
19 0.4890625 0.5125 0.053125 0.0859375
18 0.38359375 0.515625 0.0515625 0.0875
18 0.4375 0.515625 0.05234375 0.0875
40 0.1578125 0.51953125 0.05546875 0.09140625
23 0.646875 0.5109375 0.0484375 0.0828125
21 0.5953125 0.51015625 0.0484375 0.078125
23 0.69765625 0.51015625 0.04921875 0.084375
36 0.27109375 0.52109375 0.05625 0.0921875
11 0.509375 0.0421875 0.065625 0.084375