15 0.796875 0.55 0.0609375 0.0703125
4 0.3421875 0.47421875 0.0734375 0.0859375
5 0.4 0.47890625 0.071875 0.084375
3 0.2203125 0.4546875 0.075 0.0890625
38 0.090625 0.42421875 0.08125 0.0921875
3 0.28046875 0.4640625 0.075 0.0875
6 0.4546875 0.49296875 0.065625 0.0765625
20 0.61015625 0.51875 0.06875 0.0765625
1 0.65546875 0.528125 0.0609375 0.0734375
17 0.88515625 0.56484375 0.0671875 0.0734375
16 0.8390625 0.559375 0.0625 0.0734375
3 0.74921875 0.540625 0.065625 0.0765625
18 0.50546875 0.5 0.065625 0.0765625
40 0.15703125 0.4390625 0.075 0.090625
2 0.709375 0.53828125 0.065625 0.0765625
19 0.55703125 0.51015625 0.065625 0.0765625