25 0.359375 0.4921875 0.0796875 0.09375
18 0.1078125 0.5375 0.0953125 0.1
11 0.54765625 0.45703125 0.0734375 0.09375
26 0.425 0.4796875 0.075 0.090625
20 0.2328125 0.51953125 0.0859375 0.0953125
19 0.1703125 0.5296875 0.0953125 0.1
24 0.2953125 0.50390625 0.08125 0.0953125
7 0.7984375 0.41484375 0.0796875 0.09375
6 0.671875 0.43515625 0.0765625 0.096875
11 0.609375 0.4453125 0.0734375 0.09375
6 0.7328125 0.42734375 0.0734375 0.090625
10 0.48671875 0.46875 0.071875 0.090625
33 0.85546875 0.40390625 0.05625 0.090625