13 0.4828125 0.4234375 0.0796875 0.0609375
15 0.41953125 0.53046875 0.09375 0.0671875
16 0.50859375 0.53203125 0.0890625 0.065625
13 0.1421875 0.51875 0.11328125 0.065625
39 0.8875 0.5515625 0.08515625 0.06875
12 0.4 0.42109375 0.08046875 0.06171875
14 0.325 0.52890625 0.103125 0.06640625
9 0.60390625 0.53671875 0.0890625 0.06484375
12 0.05625 0.51484375 0.109375 0.065625
10 0.69765625 0.54296875 0.08671875 0.065625
11 0.7890625 0.546875 0.08515625 0.0640625
14 0.234375 0.521875 0.109375 0.065625
15 0.5640625 0.4296875 0.08203125 0.059375
17 0.64296875 0.43125 0.071875 0.06171875