26 0.80625 0.44765625 0.06640625 0.0796875
7 0.6296875 0.475 0.0578125 0.0765625
39 0.0390625 0.575 0.07265625 0.09921875
17 0.9171875 0.4296875 0.0578125 0.06875
2 0.3140625 0.52890625 0.06796875 0.09140625
6 0.5046875 0.49375 0.0609375 0.084375
7 0.68671875 0.4625 0.0609375 0.078125
26 0.7453125 0.45625 0.06875 0.078125
6 0.56640625 0.48359375 0.0578125 0.0796875
2 0.24453125 0.54140625 0.0703125 0.09453125
17 0.86328125 0.43984375 0.0546875 0.07109375
3 0.3828125 0.51640625 0.065625 0.0875
37 0.175 0.55078125 0.06953125 0.09453125
37 0.10390625 0.5625 0.07421875 0.09765625
3 0.44453125 0.50625 0.06328125 0.08671875