41 0.803125 0.5390625 0.0640625 0.096875
7 0.58828125 0.52421875 0.0546875 0.0890625
34 0.63984375 0.528125 0.0578125 0.0890625
34 0.69375 0.5328125 0.05625 0.0890625
5 0.48671875 0.51328125 0.053125 0.0875
34 0.74765625 0.5375 0.059375 0.090625
6 0.53828125 0.5171875 0.053125 0.0859375
1 0.33125 0.49921875 0.053125 0.084375
2 0.3828125 0.50625 0.053125 0.084375
7 0.1765625 0.484375 0.05 0.0828125
3 0.434375 0.5078125 0.053125 0.084375
0 0.2765625 0.4953125 0.053125 0.0875
5 0.0734375 0.47578125 0.0484375 0.0859375
6 0.1265625 0.48046875 0.053125 0.084375
0 0.22578125 0.48984375 0.0515625 0.084375