41 0.09609375 0.50703125 0.0640625 0.07890625
8 0.703125 0.490625 0.05703125 0.075
4 0.2 0.50390625 0.0546875 0.078125
7 0.6359375 0.490625 0.053125 0.0734375
31 0.5140625 0.49765625 0.05390625 0.071875
31 0.45390625 0.5 0.05546875 0.07421875
6 0.57421875 0.49296875 0.053125 0.07421875
0 0.9390625 0.48828125 0.05625 0.06875
31 0.39375 0.503125 0.05390625 0.07578125
6 0.33125 0.50546875 0.05234375 0.07734375
37 0.7625 0.490625 0.05703125 0.0765625
38 0.43828125 0.42265625 0.05390625 0.075
5 0.26796875 0.50703125 0.0515625 0.07578125
37 0.8234375 0.490625 0.05625 0.07578125
40 0.0296875 0.50859375 0.059375 0.07890625
37 0.87890625 0.48984375 0.059375 0.07421875
0 0.98515625 0.4859375 0.02890625 0.06640625