41 0.80546875 0.51796875 0.05859375 0.09296875
7 0.58984375 0.51796875 0.04921875 0.08515625
34 0.64140625 0.51796875 0.05234375 0.08515625
34 0.6953125 0.51953125 0.05078125 0.0859375
5 0.4875 0.5140625 0.046875 0.0828125
34 0.75 0.5203125 0.053125 0.08828125
6 0.5390625 0.51484375 0.04765625 0.08359375
1 0.33125 0.5109375 0.04765625 0.08203125
2 0.38359375 0.5140625 0.046875 0.08203125
7 0.1765625 0.50703125 0.04453125 0.08046875
3 0.43515625 0.5125 0.04765625 0.08203125
0 0.2765625 0.5109375 0.046875 0.0828125
5 0.07265625 0.50546875 0.0421875 0.0828125
6 0.12578125 0.50625 0.046875 0.08046875
0 0.22578125 0.509375 0.0453125 0.0828125