15 0.28359375 0.5359375 0.05625 0.0796875
11 0.59375 0.46171875 0.053125 0.075
41 0.12734375 0.5765625 0.065625 0.0875
13 0.178125 0.56015625 0.059375 0.0828125
17 0.85234375 0.4046875 0.059375 0.0765625
14 0.43828125 0.4984375 0.0515625 0.075
14 0.23046875 0.55 0.059375 0.0828125
40 0.07421875 0.58671875 0.065625 0.084375
10 0.54296875 0.47421875 0.053125 0.075
35 0.69921875 0.43984375 0.0546875 0.0765625
14 0.33828125 0.5234375 0.05625 0.078125
35 0.75 0.42578125 0.0546875 0.075
35 0.64453125 0.4484375 0.05625 0.071875
17 0.80234375 0.41640625 0.0546875 0.075
14 0.3875 0.51015625 0.053125 0.0765625
9 0.49140625 0.48984375 0.0515625 0.071875