13 0.49765625 0.421875 0.0890625 0.0734375
15 0.41484375 0.51484375 0.1046875 0.084375
16 0.50234375 0.5328125 0.1 0.08125
13 0.1453125 0.45 0.1234375 0.0859375
39 0.8703125 0.62421875 0.096875 0.084375
12 0.4171875 0.403125 0.090625 0.075
14 0.32265625 0.4953125 0.1140625 0.0859375
9 0.5953125 0.55625 0.1 0.0796875
12 0.06171875 0.4296875 0.1203125 0.0859375
10 0.6859375 0.5796875 0.096875 0.08125
11 0.775 0.60078125 0.0953125 0.078125
14 0.23515625 0.47109375 0.1203125 0.0859375
15 0.5765625 0.44296875 0.090625 0.0734375
17 0.653125 0.46015625 0.0828125 0.075