33 0.76640625 0.49140625 0.05 0.0828125
7 0.64296875 0.4921875 0.053125 0.0890625
33 0.82734375 0.49140625 0.05 0.0875
7 0.58046875 0.4953125 0.053125 0.0875
7 0.70625 0.48984375 0.0515625 0.0875
33 0.8875 0.48671875 0.0515625 0.0859375
4 0.15 0.51015625 0.0546875 0.0953125
5 0.51953125 0.4984375 0.0515625 0.0890625
3 0.084375 0.51328125 0.0546875 0.090625
1 0.33671875 0.5046875 0.053125 0.090625
2 0.3984375 0.503125 0.0546875 0.0890625
5 0.459375 0.50078125 0.0515625 0.0890625
5 0.2109375 0.50859375 0.0546875 0.0953125
0 0.275 0.5078125 0.0546875 0.0953125