25 0.3671875 0.4515625 0.075 0.090625
18 0.1140625 0.42109375 0.090625 0.096875
11 0.55859375 0.47265625 0.06875 0.090625
26 0.434375 0.45859375 0.071875 0.0875
20 0.2390625 0.440625 0.08125 0.0921875
19 0.1765625 0.43203125 0.090625 0.096875
24 0.303125 0.44375 0.0765625 0.0921875
7 0.81015625 0.50546875 0.0765625 0.090625
6 0.68359375 0.4875 0.0734375 0.09375
11 0.6203125 0.4796875 0.06875 0.090625
6 0.74453125 0.4984375 0.06875 0.0875
10 0.49609375 0.46640625 0.06875 0.0875
33 0.86796875 0.51171875 0.0515625 0.0890625