33 0.76015625 0.440625 0.0640625 0.0890625
7 0.6390625 0.46484375 0.06875 0.096875
33 0.81953125 0.42890625 0.065625 0.0953125
7 0.578125 0.48046875 0.06875 0.0953125
7 0.70078125 0.45078125 0.0671875 0.0953125
33 0.87734375 0.41328125 0.0671875 0.0921875
4 0.15859375 0.5765625 0.071875 0.103125
5 0.51875 0.49453125 0.0671875 0.0953125
3 0.09453125 0.5921875 0.0703125 0.1
1 0.340625 0.53515625 0.06875 0.0984375
2 0.40078125 0.52265625 0.0703125 0.096875
5 0.46015625 0.50859375 0.0671875 0.096875
5 0.21796875 0.5640625 0.071875 0.1046875
0 0.28046875 0.55078125 0.071875 0.1046875