41 0.80546875 0.48046875 0.06875 0.0984375
7 0.59140625 0.50703125 0.059375 0.090625
34 0.6421875 0.50078125 0.0625 0.0921875
34 0.69609375 0.4953125 0.0609375 0.0921875
5 0.4890625 0.515625 0.05625 0.0890625
34 0.75078125 0.48984375 0.0640625 0.09375
6 0.540625 0.51015625 0.05625 0.0875
1 0.33359375 0.53125 0.05625 0.0859375
2 0.3859375 0.528125 0.05625 0.0859375
7 0.1796875 0.54609375 0.053125 0.084375
3 0.4375 0.5203125 0.0578125 0.0859375
0 0.2796875 0.53828125 0.05625 0.0890625
5 0.0765625 0.5578125 0.0515625 0.0875
6 0.1296875 0.5515625 0.05625 0.0859375
0 0.22890625 0.54296875 0.0546875 0.0859375