15 0.21015625 0.79140625 0.134375 0.19375
32 0.64375 0.396875 0.1140625 0.1390625
28 0.23515625 0.2046875 0.1125 0.125
16 0.315625 0.79921875 0.1328125 0.2
30 0.3140625 0.21796875 0.1078125 0.1265625
38 0.15625 0.18828125 0.115625 0.1265625
12 0.74921875 0.6953125 0.13125 0.1703125
11 0.6546875 0.7046875 0.125 0.171875
9 0.44375 0.63671875 0.1265625 0.175
32 0.4859375 0.33828125 0.1046875 0.1328125
9 0.1609375 0.61015625 0.125 0.1734375
9 0.353125 0.6328125 0.1265625 0.1796875
10 0.56796875 0.66171875 0.121875 0.16875
32 0.56328125 0.39140625 0.109375 0.1421875
37 0.84609375 0.4828125 0.125 0.146875
9 0.2578125 0.625 0.1234375 0.175
37 0.7640625 0.5109375 0.1328125 0.1625
14 0.1046875 0.77265625 0.1359375 0.196875
41 0.428125 0.22265625 0.146875 0.1578125