26 0.22265625 0.27421875 0.1109375 0.0765625
26 0.1109375 0.19296875 0.1203125 0.075
26 0.1734375 0.23515625 0.1171875 0.078125
32 0.73828125 0.6578125 0.0734375 0.0828125
32 0.6734375 0.62109375 0.0875 0.096875
35 0.8546875 0.74765625 0.08125 0.0953125
35 0.79765625 0.70859375 0.084375 0.0984375
35 0.9140625 0.784375 0.0640625 0.0796875
19 0.621875 0.57109375 0.0640625 0.0734375
19 0.56328125 0.534375 0.0609375 0.078125
19 0.50546875 0.4921875 0.0609375 0.065625
19 0.45078125 0.45078125 0.059375 0.071875
19 0.39609375 0.39609375 0.0765625 0.071875
19 0.3328125 0.35859375 0.0765625 0.0703125
17 0.271875 0.309375 0.0890625 0.06875