16 0.71015625 0.325 0.0765625 0.090625
16 0.77265625 0.31171875 0.0765625 0.0921875
0 0.26328125 0.440625 0.078125 0.0953125
20 0.19296875 0.45546875 0.08125 0.0984375
18 0.87734375 0.2796875 0.0671875 0.0796875
0 0.33046875 0.41875 0.075 0.090625
20 0.1203125 0.48046875 0.08125 0.1046875
18 0.93671875 0.2671875 0.0703125 0.08125
20 0.0453125 0.4984375 0.0796875 0.1078125
0 0.40234375 0.40625 0.075 0.090625
22 0.46640625 0.38828125 0.071875 0.0875
22 0.64921875 0.340625 0.06875 0.084375
22 0.52734375 0.36796875 0.071875 0.0875
22 0.58984375 0.35546875 0.06875 0.084375
18 0.82421875 0.28046875 0.0703125 0.0828125