15 0.26484375 0.8375 0.1046875 0.17890625
32 0.6234375 0.3734375 0.09375 0.125
28 0.18828125 0.25546875 0.09453125 0.1109375
16 0.3703125 0.8265625 0.10234375 0.184375
30 0.26796875 0.2546875 0.08828125 0.1125
38 0.10703125 0.253125 0.096875 0.1109375
12 0.7796875 0.64921875 0.10703125 0.1546875
11 0.68828125 0.675 0.1 0.1578125
9 0.46875 0.64453125 0.09921875 0.16015625
32 0.4578125 0.34296875 0.084375 0.12109375
9 0.18515625 0.6671875 0.0984375 0.1578125
9 0.378125 0.65625 0.09921875 0.16484375
10 0.5953125 0.64765625 0.09609375 0.1546875
32 0.54375 0.38203125 0.08828125 0.12890625
37 0.8375 0.42265625 0.10390625 0.13125
9 0.2828125 0.66484375 0.096875 0.16171875
37 0.76171875 0.46484375 0.109375 0.14609375
14 0.1578125 0.8375 0.10546875 0.1796875
41 0.38125 0.2390625 0.12421875 0.13828125