15 0.33359375 0.87578125 0.1375 0.1953125
32 0.596875 0.35234375 0.115625 0.140625
28 0.14765625 0.31953125 0.1140625 0.1265625
16 0.43515625 0.8453125 0.1359375 0.2
30 0.22578125 0.303125 0.109375 0.128125
38 0.0671875 0.3328125 0.1171875 0.128125
12 0.803125 0.59296875 0.134375 0.171875
11 0.71796875 0.6359375 0.128125 0.1734375
9 0.496875 0.64765625 0.128125 0.1765625
32 0.42890625 0.35390625 0.10625 0.134375
9 0.22265625 0.72421875 0.1265625 0.175
9 0.41015625 0.6765625 0.1296875 0.18125
10 0.621875 0.6265625 0.125 0.1703125
32 0.5203125 0.37578125 0.1109375 0.14375
37 0.81640625 0.359375 0.1265625 0.1484375
9 0.31796875 0.703125 0.1265625 0.1765625
37 0.75 0.415625 0.134375 0.1640625
14 0.228125 0.896875 0.1390625 0.1984375
41 0.33359375 0.26640625 0.1484375 0.159375