26 0.21484375 0.28359375 0.1078125 0.071875
26 0.10078125 0.20703125 0.1171875 0.071875
26 0.1640625 0.246875 0.115625 0.0734375
32 0.74375 0.64921875 0.071875 0.08125
32 0.67734375 0.61484375 0.084375 0.0953125
35 0.86328125 0.73515625 0.078125 0.09375
35 0.8046875 0.6984375 0.08125 0.096875
35 0.9234375 0.76953125 0.0625 0.0765625
19 0.62421875 0.5671875 0.0625 0.0703125
19 0.56484375 0.53203125 0.059375 0.0765625
19 0.5046875 0.4921875 0.0578125 0.0640625
19 0.44921875 0.453125 0.0578125 0.0703125
19 0.3921875 0.4 0.0734375 0.0703125
19 0.328125 0.3640625 0.0734375 0.06875
17 0.265625 0.3171875 0.0859375 0.065625