16 0.69765625 0.3109375 0.08125 0.09375
16 0.759375 0.29296875 0.08125 0.0953125
0 0.26015625 0.4578125 0.0828125 0.0984375
20 0.190625 0.47734375 0.0859375 0.1015625
18 0.8609375 0.25390625 0.071875 0.0828125
0 0.325 0.43125 0.0796875 0.09375
20 0.1203125 0.50703125 0.0875 0.1078125
18 0.91953125 0.2375 0.075 0.084375
20 0.04609375 0.53046875 0.0859375 0.1109375
0 0.39609375 0.41328125 0.0796875 0.09375
22 0.45859375 0.39140625 0.0765625 0.090625
22 0.63828125 0.33046875 0.0734375 0.0875
22 0.51796875 0.36640625 0.0765625 0.090625
22 0.5796875 0.35 0.0734375 0.0859375
18 0.80859375 0.2578125 0.075 0.0859375