7 0.37578125 0.75078125 0.1125 0.10625
21 0.17109375 0.87578125 0.10625 0.1125
21 0.31171875 0.79375 0.109375 0.1078125
7 0.446875 0.70625 0.1140625 0.1046875
8 0.859375 0.41953125 0.115625 0.0625
21 0.2421875 0.8390625 0.10625 0.1125
7 0.50546875 0.65546875 0.115625 0.0921875
8 0.91484375 0.38203125 0.1140625 0.0578125
13 0.56328125 0.6125 0.0921875 0.0546875
13 0.6359375 0.58125 0.0890625 0.05
2 0.696875 0.5390625 0.0984375 0.0578125
2 0.7578125 0.49453125 0.1078125 0.0484375
2 0.8171875 0.459375 0.1140625 0.0453125
8 0.9515625 0.34296875 0.0875 0.0515625