16 0.8390625 0.4078125 0.075 0.0875
16 0.77734375 0.40625 0.071875 0.0890625
18 0.98671875 0.415625 0.0265625 0.075
0 0.32734375 0.37265625 0.0734375 0.090625
0 0.46015625 0.3828125 0.0703125 0.0875
20 0.2546875 0.3640625 0.071875 0.0875
18 0.95078125 0.4109375 0.06875 0.078125
20 0.18359375 0.36796875 0.0734375 0.096875
22 0.5890625 0.38828125 0.0671875 0.0828125
0 0.3953125 0.37265625 0.0703125 0.0859375
22 0.525 0.3859375 0.065625 0.0828125
22 0.71484375 0.39609375 0.06875 0.0828125
22 0.65234375 0.39453125 0.065625 0.0828125
18 0.9 0.39921875 0.0703125 0.078125
20 0.1109375 0.35859375 0.075 0.0984375