5 0.290625 0.5109375 0.078125 0.1
31 0.47890625 0.56796875 0.0921875 0.121875
5 0.36015625 0.49140625 0.078125 0.0984375
36 0.80625 0.375 0.0625 0.075
36 0.86015625 0.359375 0.065625 0.0796875
31 0.5421875 0.52890625 0.08125 0.1
31 0.61171875 0.521875 0.0765625 0.0953125
35 0.7484375 0.38671875 0.065625 0.0828125
22 0.221875 0.521875 0.0765625 0.0921875
35 0.69140625 0.40390625 0.0671875 0.0859375
35 0.63046875 0.41875 0.06875 0.0828125
22 0.08046875 0.56328125 0.0796875 0.1
22 0.153125 0.5421875 0.0765625 0.0984375
5 0.42734375 0.475 0.084375 0.1015625