26 0.615625 0.45546875 0.090625 0.121875
29 0.290625 0.5984375 0.103125 0.1453125
5 0.4921875 0.5953125 0.0984375 0.14375
28 0.1828125 0.59921875 0.11875 0.1609375
5 0.396875 0.5953125 0.0984375 0.140625
25 0.52265625 0.45078125 0.08125 0.121875
7 0.6796875 0.5875 0.1140625 0.15
32 0.3453125 0.45 0.084375 0.1203125
8 0.77421875 0.5890625 0.115625 0.1453125
24 0.43671875 0.45546875 0.0875 0.128125
34 0.69296875 0.45546875 0.071875 0.115625
6 0.5875 0.58671875 0.1015625 0.1421875
34 0.77578125 0.453125 0.0765625 0.1078125
32 0.246875 0.45078125 0.0953125 0.13125
32 0.146875 0.44453125 0.0828125 0.125
34 0.853125 0.4515625 0.071875 0.0984375
37 0.2546875 0.03359375 0.084375 0.0671875