19 0.16640625 0.6578125 0.08125 0.1125
26 0.88515625 0.46171875 0.0734375 0.0890625
21 0.3640625 0.5953125 0.075 0.096875
26 0.77421875 0.48359375 0.071875 0.0875
20 0.2328125 0.63359375 0.0796875 0.1015625
20 0.30234375 0.62890625 0.0796875 0.1078125
26 0.83671875 0.47578125 0.071875 0.090625
25 0.72265625 0.490625 0.0671875 0.090625
18 0.09375 0.66875 0.084375 0.1125
24 0.66328125 0.515625 0.071875 0.0921875
22 0.428125 0.57421875 0.075 0.096875
23 0.54453125 0.53671875 0.0734375 0.0984375
23 0.48203125 0.55234375 0.075 0.1015625
23 0.6 0.521875 0.06875 0.0921875