5 0.30078125 0.4359375 0.084375 0.1046875
31 0.45625 0.55546875 0.1 0.1265625
5 0.37265625 0.44140625 0.084375 0.103125
36 0.83046875 0.49296875 0.0671875 0.078125
36 0.88671875 0.49765625 0.0703125 0.0828125
31 0.52890625 0.5421875 0.0875 0.1046875
31 0.596875 0.5609375 0.0828125 0.1
35 0.77265625 0.48359375 0.071875 0.0859375
22 0.2328125 0.4203125 0.0828125 0.096875
35 0.71328125 0.47890625 0.071875 0.0890625
35 0.65078125 0.47109375 0.075 0.0859375
22 0.0859375 0.40859375 0.0859375 0.1046875
22 0.1609375 0.415625 0.0828125 0.103125
5 0.440625 0.45 0.090625 0.10625