19 0.1515625 0.621875 0.071875 0.1078125
26 0.88671875 0.50234375 0.065625 0.0828125
21 0.3546875 0.58125 0.0671875 0.0921875
26 0.775 0.51171875 0.0640625 0.0828125
20 0.2203125 0.60546875 0.0703125 0.0953125
20 0.28984375 0.6078125 0.0703125 0.1015625
26 0.8375 0.5109375 0.065625 0.0859375
25 0.72265625 0.5140625 0.059375 0.0875
18 0.078125 0.62578125 0.075 0.10625
24 0.66015625 0.53203125 0.0640625 0.0875
22 0.42109375 0.56640625 0.0671875 0.0921875
23 0.540625 0.54140625 0.065625 0.09375
23 0.4765625 0.55 0.065625 0.096875
23 0.596875 0.53203125 0.0609375 0.0890625