16 0.8203125 0.35625 0.065625 0.08125
16 0.759375 0.3640625 0.0625 0.0828125
18 0.97890625 0.3390625 0.0390625 0.0703125
0 0.309375 0.40078125 0.0640625 0.084375
0 0.44296875 0.390625 0.0609375 0.08125
20 0.23671875 0.40390625 0.0625 0.08125
18 0.93203125 0.34140625 0.0609375 0.071875
20 0.16640625 0.41875 0.0625 0.090625
22 0.5703125 0.37578125 0.059375 0.0765625
0 0.37734375 0.390625 0.0609375 0.0796875
22 0.50625 0.38359375 0.0578125 0.0765625
22 0.69609375 0.3640625 0.0609375 0.0765625
22 0.63359375 0.371875 0.0578125 0.0765625
18 0.87890625 0.3375 0.0625 0.071875
20 0.09375 0.42109375 0.0640625 0.0921875