26 0.621875 0.478125 0.1125 0.1359375
29 0.27578125 0.55625 0.128125 0.1609375
5 0.47421875 0.5921875 0.1234375 0.1578125
28 0.1703125 0.53671875 0.146875 0.1796875
5 0.38046875 0.57421875 0.121875 0.1546875
25 0.53203125 0.45625 0.1015625 0.1328125
7 0.66015625 0.6203125 0.1390625 0.1671875
32 0.3578125 0.42109375 0.1046875 0.1328125
8 0.75234375 0.63984375 0.1390625 0.1625
24 0.44609375 0.44453125 0.109375 0.140625
34 0.6984375 0.49296875 0.0921875 0.125
6 0.56953125 0.6015625 0.125 0.1578125
34 0.7796875 0.50703125 0.0953125 0.1203125
32 0.2609375 0.403125 0.1171875 0.1453125
32 0.1640625 0.378125 0.103125 0.1359375
34 0.85625 0.51953125 0.0890625 0.109375
37 0.35 0.01796875 0.096875 0.0359375