7 0.43515625 0.771875 0.13125 0.128125
21 0.2640625 0.93671875 0.128125 0.1265625
21 0.3828125 0.828125 0.1296875 0.128125
7 0.49453125 0.7125 0.1328125 0.1265625
8 0.83203125 0.340625 0.125 0.0859375
21 0.325 0.88828125 0.128125 0.1328125
7 0.540625 0.65 0.13125 0.115625
8 0.878125 0.2921875 0.121875 0.08125
13 0.58671875 0.5953125 0.1015625 0.0734375
13 0.65078125 0.5484375 0.096875 0.0671875
2 0.70078125 0.49375 0.1078125 0.078125
2 0.75 0.43671875 0.1140625 0.071875
2 0.8 0.3890625 0.11875 0.06875
8 0.9046875 0.2453125 0.0953125 0.06875