16 0.82265625 0.36171875 0.06328125 0.08046875
16 0.76171875 0.36875 0.06171875 0.08125
18 0.98125 0.34765625 0.0375 0.0703125
0 0.3109375 0.39765625 0.06171875 0.08203125
0 0.44453125 0.38984375 0.059375 0.0796875
20 0.23828125 0.39921875 0.06171875 0.08046875
18 0.934375 0.34921875 0.059375 0.0703125
20 0.16796875 0.41328125 0.06171875 0.08984375
22 0.57265625 0.37734375 0.05703125 0.075
0 0.37890625 0.38828125 0.059375 0.078125
22 0.50859375 0.38359375 0.05625 0.07578125
22 0.6984375 0.3671875 0.0578125 0.07578125
22 0.6359375 0.37421875 0.05625 0.075
18 0.88203125 0.34453125 0.0609375 0.0703125
20 0.0953125 0.4140625 0.0625 0.090625