15 0.89140625 0.459375 0.0578125 0.065625
11 0.671875 0.4671875 0.0578125 0.0671875
5 0.1734375 0.621875 0.06875 0.0875
13 0.784375 0.4671875 0.059375 0.0671875
5 0.240625 0.63515625 0.06875 0.0984375
36 0.39453125 0.49296875 0.053125 0.0640625
12 0.7296875 0.46953125 0.059375 0.0671875
39 0.0359375 0.6390625 0.071875 0.096875
14 0.83828125 0.4640625 0.0546875 0.065625
28 0.10546875 0.621875 0.0734375 0.090625
36 0.33359375 0.49765625 0.0578125 0.0734375
10 0.61875 0.478125 0.053125 0.0671875
35 0.5640625 0.48046875 0.0484375 0.0609375
35 0.50859375 0.48515625 0.0484375 0.0640625
35 0.45234375 0.49296875 0.05 0.0640625
5 0.30703125 0.61875 0.0703125 0.0984375