15 0.86953125 0.365625 0.06875 0.075
11 0.65859375 0.4265625 0.0703125 0.0765625
5 0.2125 0.696875 0.084375 0.0984375
13 0.76796875 0.4 0.0703125 0.0765625
5 0.28125 0.69375 0.0875 0.109375
36 0.39609375 0.51875 0.0640625 0.0734375
12 0.715625 0.41484375 0.0703125 0.0765625
39 0.08359375 0.74765625 0.0921875 0.109375
14 0.81953125 0.3828125 0.0671875 0.075
28 0.146875 0.7140625 0.090625 0.103125
36 0.33828125 0.53828125 0.071875 0.084375
10 0.609375 0.45 0.065625 0.0765625
35 0.5578125 0.465625 0.059375 0.06875
35 0.5046875 0.48359375 0.059375 0.071875
35 0.45234375 0.5046875 0.0609375 0.071875
5 0.34140625 0.66171875 0.0890625 0.109375