6 0.67734375 0.575 0.06875 0.1109375
7 0.81015625 0.58671875 0.0671875 0.1109375
16 0.21953125 0.53671875 0.0703125 0.115625
8 0.54921875 0.5609375 0.0671875 0.1125
1 0.48515625 0.559375 0.0671875 0.1125
17 0.08359375 0.525 0.071875 0.11875
3 0.15078125 0.53359375 0.071875 0.1171875
9 0.7453125 0.58125 0.0703125 0.1125
8 0.35546875 0.5484375 0.0671875 0.1125
3 0.8734375 0.59140625 0.0671875 0.109375
12 0.28671875 0.54375 0.0703125 0.1140625
16 0.4203125 0.5515625 0.065625 0.1109375
1 0.6125 0.5703125 0.0671875 0.1109375