13 0.2734375 0.55234375 0.0578125 0.1
16 0.4 0.55390625 0.059375 0.103125
2 0.52578125 0.55078125 0.05703125 0.10234375
5 0.6484375 0.55078125 0.05546875 0.09921875
16 0.209375 0.55234375 0.05859375 0.10390625
14 0.5828125 0.55078125 0.05703125 0.103125
8 0.89140625 0.54765625 0.05546875 0.10078125
3 0.4609375 0.55234375 0.0578125 0.10078125
0 0.709375 0.55 0.05546875 0.10078125
13 0.08203125 0.54453125 0.05859375 0.1046875
6 0.3359375 0.55390625 0.0546875 0.09921875
9 0.76953125 0.54765625 0.05546875 0.09765625
14 0.146875 0.55078125 0.05703125 0.103125
11 0.8296875 0.54765625 0.04921875 0.09765625