13 0.2671875 0.49609375 0.08125 0.1109375
16 0.38984375 0.528125 0.0828125 0.1140625
2 0.5125 0.55546875 0.08125 0.1125
5 0.63203125 0.58515625 0.078125 0.109375
16 0.20546875 0.48046875 0.0828125 0.115625
14 0.56796875 0.56953125 0.0796875 0.1140625
8 0.86796875 0.640625 0.078125 0.1109375
3 0.44921875 0.54140625 0.08125 0.1125
0 0.69140625 0.59921875 0.078125 0.1109375
13 0.08359375 0.4421875 0.08125 0.115625
6 0.328125 0.5125 0.0765625 0.109375
9 0.75 0.61171875 0.0765625 0.109375
14 0.1453125 0.4640625 0.0796875 0.1140625
11 0.80859375 0.62578125 0.071875 0.1078125