6 0.659375 0.6078125 0.0859375 0.11875
7 0.78828125 0.64453125 0.0859375 0.11875
16 0.2171875 0.4828125 0.0890625 0.125
8 0.53671875 0.56875 0.0859375 0.1203125
1 0.47421875 0.55546875 0.084375 0.1203125
17 0.08671875 0.4453125 0.090625 0.1265625
3 0.15078125 0.46640625 0.090625 0.125
9 0.725 0.6265625 0.0890625 0.121875
8 0.34921875 0.5203125 0.0859375 0.1203125
3 0.84921875 0.6609375 0.084375 0.11875
12 0.2828125 0.50234375 0.0890625 0.1234375
16 0.41171875 0.53515625 0.084375 0.11875
1 0.596875 0.590625 0.084375 0.11875