13 0.2671875 0.50390625 0.078125 0.109375
16 0.390625 0.53203125 0.0796875 0.1125
2 0.51484375 0.5546875 0.078125 0.1109375
5 0.634375 0.58046875 0.075 0.1078125
16 0.2046875 0.490625 0.0796875 0.1140625
14 0.5703125 0.5671875 0.0765625 0.1125
8 0.87265625 0.628125 0.075 0.1109375
3 0.45078125 0.54296875 0.078125 0.1109375
0 0.69453125 0.5921875 0.075 0.109375
13 0.08203125 0.45703125 0.078125 0.1140625
6 0.328125 0.51875 0.0734375 0.1078125
9 0.75390625 0.60234375 0.0734375 0.1078125
14 0.14375 0.4765625 0.0765625 0.1125
11 0.8125 0.61484375 0.06875 0.10625