6 0.68203125 0.5625 0.06015625 0.10703125
7 0.815625 0.56484375 0.06015625 0.10703125
16 0.22265625 0.55625 0.0625 0.1109375
8 0.553125 0.55703125 0.06015625 0.10859375
1 0.4890625 0.56015625 0.05859375 0.10859375
17 0.08671875 0.55390625 0.0640625 0.1140625
3 0.15390625 0.5578125 0.0640625 0.1125
9 0.75 0.5640625 0.0625 0.10859375
8 0.359375 0.55859375 0.059375 0.109375
3 0.87890625 0.56484375 0.059375 0.10625
12 0.290625 0.55859375 0.06171875 0.11015625
16 0.42421875 0.55703125 0.05859375 0.1078125
1 0.6171875 0.5625 0.05859375 0.1078125