33 0.6046875 0.43828125 0.0484375 0.0609375
15 0.72265625 0.4265625 0.053125 0.0703125
33 0.4875 0.45390625 0.0484375 0.0578125
33 0.66328125 0.43046875 0.0484375 0.0609375
33 0.546875 0.446875 0.0484375 0.0546875
15 0.778125 0.4203125 0.0546875 0.0703125
11 0.1078125 0.51015625 0.059375 0.0828125
13 0.23671875 0.484375 0.059375 0.0765625
12 0.17265625 0.49140625 0.0625 0.0796875
16 0.83515625 0.4140625 0.0515625 0.06875
16 0.940625 0.4 0.053125 0.0671875
16 0.8859375 0.409375 0.053125 0.0703125
17 0.36796875 0.4703125 0.0546875 0.0703125
17 0.428125 0.4625 0.05 0.0703125
17 0.30078125 0.4765625 0.053125 0.071875
40 0.034375 0.51953125 0.0671875 0.0890625