5 0.70859375 0.50859375 0.0640625 0.1046875
15 0.31953125 0.5375 0.0640625 0.109375
4 0.6453125 0.5125 0.0625 0.10625
5 0.77421875 0.50546875 0.0609375 0.10625
15 0.3859375 0.53359375 0.0671875 0.109375
4 0.58046875 0.52265625 0.0640625 0.10625
3 0.515625 0.5265625 0.0640625 0.1046875
7 0.896875 0.49609375 0.0640625 0.109375
2 0.45234375 0.52890625 0.065625 0.109375
6 0.8359375 0.5046875 0.0625 0.109375
11 0.1796875 0.55 0.065625 0.1125
12 0.25 0.54296875 0.065625 0.1125
10 0.11171875 0.55234375 0.06875 0.1140625