33 0.6109375 0.45 0.0515625 0.0625
15 0.72890625 0.45 0.0546875 0.071875
33 0.4921875 0.45234375 0.05 0.059375
33 0.66953125 0.44765625 0.0515625 0.0625
33 0.5515625 0.4515625 0.05 0.05625
15 0.784375 0.44921875 0.05625 0.071875
11 0.109375 0.46875 0.0625 0.084375
13 0.23984375 0.45703125 0.0609375 0.078125
12 0.17578125 0.45703125 0.0640625 0.0828125
16 0.84296875 0.44921875 0.053125 0.0703125
16 0.9484375 0.446875 0.0546875 0.06875
16 0.89375 0.45 0.0546875 0.071875
17 0.37109375 0.45625 0.0578125 0.0734375
17 0.4328125 0.45546875 0.0515625 0.071875
17 0.30390625 0.45546875 0.0546875 0.0734375
40 0.034375 0.46953125 0.06875 0.0921875