26 0.7828125 0.40625 0.05625 0.07265625
26 0.72578125 0.40234375 0.05703125 0.071875
25 0.60625 0.4015625 0.05234375 0.0734375
25 0.546875 0.39921875 0.0515625 0.07421875
14 0.95546875 0.41171875 0.05859375 0.07265625
14 0.83984375 0.4109375 0.0546875 0.071875
25 0.66875 0.4046875 0.0515625 0.07265625
39 0.02578125 0.39609375 0.0515625 0.0859375
34 0.2265625 0.39921875 0.0515625 0.07578125
34 0.2921875 0.396875 0.05234375 0.07890625
34 0.16015625 0.4 0.0515625 0.0765625
34 0.0890625 0.39765625 0.05 0.07890625
37 0.36015625 0.4 0.05703125 0.08046875
37 0.4234375 0.40078125 0.05546875 0.07890625
14 0.89453125 0.4125 0.05703125 0.07265625
37 0.4875 0.39921875 0.05390625 0.078125