26 0.79453125 0.45703125 0.0671875 0.08125
26 0.7390625 0.44296875 0.06875 0.08125
25 0.621875 0.421875 0.0640625 0.0796875
25 0.56328125 0.40859375 0.0625 0.08125
14 0.9640625 0.4921875 0.0703125 0.0828125
14 0.85 0.47109375 0.065625 0.0796875
25 0.6828125 0.43515625 0.0625 0.0796875
39 0.05078125 0.315625 0.065625 0.09375
34 0.2484375 0.353125 0.065625 0.084375
34 0.31328125 0.3625 0.065625 0.0859375
34 0.1828125 0.3421875 0.0640625 0.0828125
34 0.11328125 0.328125 0.0625 0.0875
37 0.3796875 0.37734375 0.0703125 0.0890625
37 0.4421875 0.3890625 0.06875 0.0875
14 0.90390625 0.48203125 0.06875 0.08125
37 0.50546875 0.3984375 0.065625 0.0859375