5 0.7078125 0.51953125 0.0578125 0.10234375
15 0.31796875 0.528125 0.05859375 0.10625
4 0.64453125 0.5203125 0.05703125 0.10234375
5 0.7734375 0.51953125 0.05546875 0.103125
15 0.384375 0.52734375 0.0609375 0.10625
4 0.57890625 0.5265625 0.05859375 0.10390625
3 0.5140625 0.52734375 0.0578125 0.1015625
7 0.896875 0.5171875 0.05859375 0.10546875
2 0.45078125 0.5265625 0.06015625 0.10625
6 0.83515625 0.521875 0.05625 0.10703125
11 0.17734375 0.5328125 0.06015625 0.11015625
12 0.2484375 0.5296875 0.0609375 0.1078125
10 0.109375 0.53203125 0.0625 0.11015625