26 0.77734375 0.39140625 0.059375 0.075
26 0.7203125 0.390625 0.0609375 0.075
25 0.60078125 0.39609375 0.05625 0.075
25 0.54140625 0.396875 0.0546875 0.0765625
14 0.95 0.38828125 0.0625 0.0765625
14 0.834375 0.39296875 0.0578125 0.075
25 0.66328125 0.39609375 0.0546875 0.075
39 0.02421875 0.42109375 0.0484375 0.0890625
34 0.221875 0.41328125 0.05625 0.0796875
34 0.28671875 0.4078125 0.05625 0.08125
34 0.15546875 0.41796875 0.0546875 0.078125
34 0.084375 0.41953125 0.0546875 0.08125
37 0.35546875 0.4078125 0.0625 0.084375
37 0.41796875 0.4046875 0.059375 0.0828125
14 0.8890625 0.3921875 0.0609375 0.075
37 0.48203125 0.4 0.0578125 0.08125