5 0.7 0.55859375 0.0765625 0.1109375
15 0.315625 0.49296875 0.0765625 0.115625
4 0.63828125 0.54765625 0.0765625 0.1125
5 0.76484375 0.57109375 0.075 0.1125
15 0.38125 0.5046875 0.08125 0.115625
4 0.57265625 0.54140625 0.0765625 0.1125
3 0.50859375 0.5296875 0.0765625 0.1109375
7 0.8859375 0.59296875 0.078125 0.115625
2 0.446875 0.51640625 0.0796875 0.115625
6 0.825 0.58515625 0.075 0.115625
11 0.17734375 0.4703125 0.08125 0.11875
12 0.24765625 0.48125 0.0796875 0.11875
10 0.11015625 0.45703125 0.0828125 0.1203125