28 0.0234375 0.46015625 0.046875 0.0984375
11 0.478125 0.39765625 0.0546875 0.075
31 0.77265625 0.359375 0.0515625 0.06875
24 0.6546875 0.378125 0.0609375 0.078125
34 0.88359375 0.34921875 0.046875 0.0640625
31 0.715625 0.36875 0.05625 0.0734375
20 0.215625 0.43125 0.0609375 0.0796875
40 0.075 0.45 0.078125 0.09375
10 0.41484375 0.40546875 0.05625 0.078125
9 0.346875 0.41328125 0.0609375 0.0796875
22 0.5390625 0.3890625 0.0515625 0.0640625
34 0.82578125 0.35390625 0.0515625 0.06875
21 0.2828125 0.42109375 0.0640625 0.0734375
34 0.9359375 0.33828125 0.0453125 0.06875
19 0.15078125 0.43984375 0.0671875 0.0875
23 0.59765625 0.38203125 0.0515625 0.0734375