4 0.83046875 0.590625 0.0859375 0.1265625
5 0.765625 0.5734375 0.0828125 0.1234375
8 0.49765625 0.515625 0.0828125 0.121875
7 0.22578125 0.4578125 0.084375 0.125
17 0.2953125 0.4703125 0.08125 0.1171875
13 0.8953125 0.60234375 0.0875 0.1296875
12 0.1609375 0.4421875 0.0828125 0.121875
13 0.0953125 0.42734375 0.0828125 0.121875
12 0.36171875 0.48671875 0.084375 0.125
0 0.42890625 0.5015625 0.084375 0.1234375
15 0.56015625 0.53125 0.078125 0.121875
0 0.6265625 0.54375 0.0828125 0.121875
11 0.69765625 0.5609375 0.0828125 0.125