4 0.84140625 0.52578125 0.0640625 0.1171875
5 0.775 0.52109375 0.06328125 0.1140625
8 0.50078125 0.515625 0.0625 0.1109375
7 0.22265625 0.5109375 0.06328125 0.1140625
17 0.29375 0.51015625 0.06171875 0.10859375
13 0.9078125 0.525 0.065625 0.11875
12 0.15625 0.5078125 0.06171875 0.1125
13 0.0890625 0.50625 0.06171875 0.1125
12 0.36171875 0.51328125 0.06484375 0.11484375
0 0.43046875 0.51484375 0.06328125 0.1140625
15 0.56484375 0.51953125 0.05859375 0.1125
0 0.6328125 0.51875 0.0625 0.11171875
11 0.70546875 0.521875 0.0625 0.115625