28 0.02421875 0.49296875 0.0484375 0.1015625
11 0.47109375 0.4 0.059375 0.078125
31 0.76171875 0.340625 0.05625 0.0734375
24 0.64609375 0.3671875 0.065625 0.08125
34 0.871875 0.3234375 0.0515625 0.0671875
31 0.70625 0.35390625 0.0609375 0.0765625
20 0.21171875 0.4515625 0.065625 0.0828125
40 0.07265625 0.48046875 0.084375 0.0984375
10 0.40859375 0.41171875 0.0609375 0.08125
9 0.34140625 0.42421875 0.065625 0.0828125
22 0.53125 0.38671875 0.05625 0.06875
34 0.81484375 0.33125 0.0546875 0.071875
21 0.278125 0.4359375 0.06875 0.0765625
34 0.92421875 0.30859375 0.05 0.0703125
19 0.146875 0.4640625 0.0734375 0.0921875
23 0.58984375 0.375 0.05625 0.0765625