33 0.409375 0.471875 0.06875 0.084375
33 0.34140625 0.49453125 0.078125 0.09375
24 0.71171875 0.36015625 0.0796875 0.0953125
25 0.77109375 0.3390625 0.0765625 0.0921875
21 0.93203125 0.2828125 0.0796875 0.0859375
20 0.87890625 0.3015625 0.0765625 0.0828125
23 0.53515625 0.43046875 0.0765625 0.096875
23 0.59375 0.40234375 0.0765625 0.09375
40 0.059375 0.60859375 0.10625 0.1296875
23 0.65390625 0.378125 0.075 0.0953125
34 0.1296875 0.58359375 0.0984375 0.1265625
19 0.82421875 0.31875 0.071875 0.084375
23 0.471875 0.45234375 0.0796875 0.096875
34 0.2734375 0.521875 0.0796875 0.1
34 0.20703125 0.553125 0.09375 0.1171875