15 0.4734375 0.1265625 0.04375 0.0453125
1 0.90703125 0.35390625 0.0640625 0.0734375
7 0.28046875 0.52734375 0.0671875 0.0828125
1 0.8109375 0.37890625 0.0609375 0.0734375
1 0.8640625 0.36171875 0.059375 0.071875
11 0.43125 0.1328125 0.04375 0.046875
17 0.7640625 0.39140625 0.0625 0.0734375
7 0.21640625 0.54375 0.0703125 0.084375
7 0.3390625 0.51328125 0.065625 0.0796875
0 0.60859375 0.43203125 0.059375 0.0671875
0 0.66171875 0.41640625 0.059375 0.06875
20 0.3921875 0.14140625 0.04375 0.04375
0 0.55703125 0.44609375 0.0609375 0.071875
25 0.44375 0.1734375 0.04375 0.046875
17 0.71328125 0.40546875 0.0640625 0.0734375
22 0.50703125 0.4671875 0.0609375 0.0734375
22 0.45390625 0.48125 0.0609375 0.0703125
22 0.3953125 0.49140625 0.059375 0.0671875
38 0.06796875 0.5828125 0.075 0.0875
23 0.51015625 0.11953125 0.0453125 0.0453125
40 0.134375 0.5671875 0.0765625 0.0921875
25 0.40234375 0.1828125 0.04375 0.046875
25 0.35 0.14921875 0.0453125 0.046875
13 0.5671875 0.14765625 0.05 0.0453125
35 0.48671875 0.165625 0.04375 0.046875
18 0.4640625 0.2203125 0.0484375 0.05
36 0.5234375 0.15703125 0.040625 0.04375
23 0.55234375 0.109375 0.046875 0.04375