33 0.41328125 0.4609375 0.0609375 0.078125
33 0.34296875 0.475 0.06875 0.0875
24 0.72734375 0.3875 0.0703125 0.0890625
25 0.7890625 0.37265625 0.0671875 0.0859375
21 0.95546875 0.33671875 0.071875 0.078125
20 0.90078125 0.34921875 0.06875 0.075
23 0.54375 0.43515625 0.0671875 0.090625
23 0.6046875 0.41484375 0.0671875 0.0875
40 0.04921875 0.55390625 0.09375 0.1203125
23 0.6671875 0.3984375 0.065625 0.0890625
34 0.12265625 0.5375 0.0859375 0.11875
19 0.84375 0.36015625 0.0625 0.078125
23 0.478125 0.44921875 0.0703125 0.090625
34 0.27265625 0.49375 0.0703125 0.0921875
34 0.203125 0.5171875 0.08125 0.109375