15 0.7703125 0.30703125 0.0578125 0.075
11 0.20078125 0.39453125 0.06875 0.0875
11 0.42578125 0.36328125 0.0578125 0.0796875
13 0.53828125 0.346875 0.0625 0.078125
14 0.70859375 0.31796875 0.0609375 0.0765625
16 0.82109375 0.3 0.053125 0.0703125
12 0.4828125 0.35390625 0.0609375 0.0765625
10 0.29375 0.38203125 0.0625 0.0828125
14 0.65703125 0.3265625 0.0578125 0.0734375
10 0.13671875 0.4046875 0.0640625 0.084375
9 0.06796875 0.41796875 0.0671875 0.0890625
10 0.353125 0.37421875 0.0609375 0.08125
17 0.87109375 0.29375 0.05625 0.071875
14 0.6015625 0.3359375 0.0609375 0.078125