15 0.63125 0.47109375 0.0671875 0.0859375
16 0.69296875 0.47578125 0.06875 0.0875
13 0.51484375 0.46953125 0.0734375 0.09375
11 0.38984375 0.46875 0.075 0.0984375
11 0.32734375 0.4640625 0.075 0.0984375
2 0.80859375 0.47578125 0.0703125 0.090625
31 0.19296875 0.46328125 0.078125 0.096875
11 0.45234375 0.4671875 0.071875 0.09375
31 0.1265625 0.46484375 0.078125 0.096875
16 0.74765625 0.478125 0.0671875 0.0875
31 0.2625 0.4640625 0.078125 0.0984375
2 0.90859375 0.47734375 0.065625 0.0859375
14 0.57265625 0.46875 0.071875 0.090625
2 0.86015625 0.4796875 0.0703125 0.090625
39 0.053125 0.465625 0.0890625 0.1046875