5 0.434375 0.43828125 0.06875 0.0875
7 0.37109375 0.45 0.0671875 0.0875
7 0.30390625 0.46640625 0.0671875 0.0890625
5 0.49140625 0.42734375 0.06875 0.0859375
3 0.9515625 0.31875 0.05625 0.0765625
30 0.17265625 0.4953125 0.075 0.096875
7 0.24140625 0.48203125 0.071875 0.09375
5 0.5484375 0.40625 0.0703125 0.0875
1 0.790625 0.34921875 0.0640625 0.0828125
3 0.89296875 0.33515625 0.06875 0.08125
1 0.83984375 0.34375 0.0609375 0.08125
41 0.109375 0.51171875 0.078125 0.096875
0 0.728125 0.36171875 0.06875 0.08125
0 0.66640625 0.375 0.06875 0.08125
0 0.61015625 0.38359375 0.0625 0.078125
28 0.04140625 0.525 0.0828125 0.096875