15 0.4890625 0.540625 0.115625 0.090625
15 0.68046875 0.45859375 0.1171875 0.08125
12 0.38984375 0.4625 0.103125 0.075
11 0.309375 0.4828125 0.1046875 0.0796875
16 0.56328125 0.50703125 0.11875 0.0875
12 0.63046875 0.3578125 0.1046875 0.065625
16 0.7484375 0.4359375 0.1171875 0.0796875
34 0.15390625 0.59453125 0.1140625 0.0828125
34 0.25234375 0.58359375 0.1078125 0.08125
11 0.56875 0.38359375 0.1015625 0.0671875
13 0.69609375 0.33203125 0.1109375 0.065625
10 0.22421875 0.5015625 0.1015625 0.0796875
14 0.39609375 0.565625 0.1171875 0.0953125
17 0.83046875 0.40859375 0.1234375 0.0765625