5 0.44765625 0.42734375 0.05390625 0.078125
7 0.3828125 0.4265625 0.0546875 0.0796875
7 0.3140625 0.4296875 0.05390625 0.08046875
5 0.50546875 0.42734375 0.05546875 0.07734375
3 0.978125 0.40859375 0.04375 0.06953125
30 0.1796875 0.4328125 0.0609375 0.08671875
7 0.25 0.4328125 0.05546875 0.084375
5 0.565625 0.4171875 0.05546875 0.0765625
1 0.8140625 0.4078125 0.05 0.07578125
3 0.9171875 0.41328125 0.05625 0.071875
1 0.86328125 0.41171875 0.0484375 0.07421875
41 0.1140625 0.43671875 0.06328125 0.0859375
0 0.75 0.4078125 0.05546875 0.07109375
0 0.6875 0.409375 0.05625 0.071875
0 0.63046875 0.40703125 0.05 0.06953125
28 0.04453125 0.43671875 0.06953125 0.08515625