15 0.62734375 0.45703125 0.0609375 0.08125
16 0.68984375 0.45625 0.0625 0.0828125
13 0.51171875 0.46796875 0.065625 0.0875
11 0.38671875 0.48046875 0.065625 0.0921875
11 0.32421875 0.48203125 0.065625 0.09375
2 0.8046875 0.44375 0.0625 0.0859375
31 0.190625 0.4953125 0.0703125 0.0921875
11 0.44921875 0.471875 0.0640625 0.0875
31 0.12421875 0.50390625 0.0703125 0.0921875
16 0.74375 0.45234375 0.059375 0.0828125
31 0.26015625 0.4890625 0.0703125 0.09375
2 0.90390625 0.43515625 0.059375 0.08125
14 0.56953125 0.4609375 0.0640625 0.0859375
2 0.85546875 0.4421875 0.0625 0.084375
39 0.0515625 0.5125 0.0796875 0.0984375