4 0.8390625 0.54921875 0.071875 0.121875
5 0.77265625 0.53984375 0.0703125 0.11875
8 0.5 0.515625 0.0703125 0.115625
7 0.22265625 0.49140625 0.071875 0.11875
17 0.29375 0.49609375 0.0703125 0.1125
13 0.9046875 0.553125 0.0734375 0.1234375
12 0.15625 0.48359375 0.0703125 0.1171875
13 0.08984375 0.47734375 0.0703125 0.1171875
12 0.3609375 0.50390625 0.071875 0.11875
0 0.4296875 0.51015625 0.071875 0.11875
15 0.56328125 0.52421875 0.065625 0.115625
0 0.63125 0.528125 0.0703125 0.115625
11 0.703125 0.5359375 0.0703125 0.1203125