15 0.615625 0.14375 0.0453125 0.0453125
1 0.9328125 0.5171875 0.065625 0.075
7 0.2859375 0.44296875 0.06875 0.084375
1 0.83359375 0.50390625 0.0625 0.075
1 0.88984375 0.50859375 0.0625 0.0734375
11 0.5734375 0.13359375 0.0453125 0.046875
17 0.78515625 0.4984375 0.0640625 0.075
7 0.22109375 0.434375 0.071875 0.0859375
7 0.3453125 0.45234375 0.0671875 0.08125
0 0.6265625 0.47734375 0.0609375 0.06875
0 0.68046875 0.48359375 0.0625 0.0703125
20 0.534375 0.12734375 0.0453125 0.0453125
0 0.5734375 0.471875 0.0625 0.0734375
25 0.5703125 0.1765625 0.0453125 0.046875
17 0.73359375 0.4921875 0.065625 0.075
22 0.51875 0.471875 0.0625 0.075
22 0.4640625 0.465625 0.0625 0.071875
22 0.40625 0.453125 0.0609375 0.06875
38 0.06875 0.41484375 0.078125 0.0890625
23 0.6515625 0.1515625 0.046875 0.046875
40 0.1359375 0.425 0.078125 0.09375
25 0.528125 0.16875 0.0453125 0.046875
25 0.4921875 0.11796875 0.046875 0.0484375
13 0.69453125 0.1984375 0.0515625 0.046875
35 0.61328125 0.18515625 0.0453125 0.046875
18 0.571875 0.2265625 0.05 0.0515625
36 0.65 0.190625 0.0421875 0.0453125
23 0.6953125 0.15703125 0.046875 0.0453125