15 0.62421875 0.4484375 0.05546875 0.078125
16 0.6859375 0.44296875 0.05703125 0.0796875
13 0.509375 0.4671875 0.059375 0.08359375
11 0.3859375 0.48828125 0.0609375 0.08828125
11 0.3234375 0.49453125 0.0609375 0.0890625
2 0.8 0.42265625 0.05703125 0.0828125
31 0.19140625 0.5171875 0.06484375 0.08671875
11 0.44765625 0.47578125 0.05859375 0.084375
31 0.12578125 0.53046875 0.06484375 0.0875
16 0.73984375 0.43515625 0.05390625 0.08046875
31 0.26015625 0.50546875 0.06484375 0.08828125
2 0.8984375 0.40703125 0.05390625 0.078125
14 0.56640625 0.45625 0.05859375 0.08203125
2 0.85078125 0.4171875 0.05703125 0.08125
39 0.05390625 0.54375 0.07421875 0.09453125