15 0.5390625 0.12734375 0.03828125 0.03828125
1 0.9265625 0.4265625 0.05234375 0.06484375
7 0.27890625 0.4890625 0.0546875 0.07421875
1 0.82734375 0.434375 0.05 0.06484375
1 0.8828125 0.42734375 0.04921875 0.06328125
11 0.49609375 0.1265625 0.0375 0.0390625
17 0.77890625 0.4390625 0.05234375 0.065625
7 0.21328125 0.49375 0.05703125 0.075
7 0.3390625 0.48515625 0.0546875 0.071875
0 0.61875 0.4515625 0.05 0.06015625
0 0.6734375 0.44609375 0.05078125 0.06171875
20 0.45625 0.128125 0.0390625 0.0390625
0 0.565625 0.45703125 0.05 0.06328125
25 0.5015625 0.16875 0.0375 0.03984375
17 0.7265625 0.44375 0.053125 0.065625
22 0.5125 0.46875 0.05 0.06484375
22 0.4578125 0.4734375 0.05078125 0.0625
22 0.3984375 0.4734375 0.05 0.06015625
38 0.06015625 0.50625 0.0625 0.078125
23 0.57578125 0.12734375 0.03984375 0.03984375
40 0.128125 0.50234375 0.0640625 0.0828125
25 0.45859375 0.1703125 0.0375 0.040625
25 0.41328125 0.128125 0.0390625 0.03984375
13 0.62734375 0.16484375 0.04375 0.03828125
35 0.5453125 0.16875 0.0375 0.03984375
18 0.51328125 0.21796875 0.0421875 0.04375
36 0.5828125 0.16640625 0.0359375 0.03828125
23 0.61953125 0.12421875 0.040625 0.0375