28 0.0234375 0.4515625 0.046875 0.0984375
11 0.4796875 0.39765625 0.05234375 0.0734375
31 0.775 0.3640625 0.05078125 0.06796875
24 0.65703125 0.38046875 0.059375 0.07578125
34 0.8859375 0.35625 0.0453125 0.0640625
31 0.71796875 0.37265625 0.05390625 0.071875
20 0.2171875 0.4265625 0.0578125 0.07890625
40 0.07578125 0.44296875 0.07578125 0.0921875
10 0.41640625 0.40390625 0.0546875 0.07734375
9 0.3484375 0.4109375 0.059375 0.0796875
22 0.540625 0.38984375 0.0515625 0.06328125
34 0.828125 0.359375 0.0484375 0.0671875
21 0.284375 0.4171875 0.0609375 0.07109375
34 0.9390625 0.34609375 0.04453125 0.06796875
19 0.1515625 0.43359375 0.065625 0.08671875
23 0.6 0.38359375 0.05078125 0.071875