5 0.440625 0.43359375 0.0625 0.0828125
7 0.37578125 0.4390625 0.0609375 0.084375
7 0.3078125 0.44921875 0.0609375 0.0859375
5 0.49765625 0.42734375 0.0625 0.0828125
3 0.965625 0.359375 0.0515625 0.075
30 0.17421875 0.46640625 0.06875 0.09375
7 0.24453125 0.459375 0.0640625 0.0890625
5 0.55625 0.4109375 0.0640625 0.0828125
1 0.80234375 0.37578125 0.0578125 0.0796875
3 0.90546875 0.3703125 0.0640625 0.078125
1 0.85234375 0.37421875 0.05625 0.078125
41 0.109375 0.47734375 0.071875 0.0921875
0 0.7390625 0.38203125 0.0625 0.0765625
0 0.67734375 0.390625 0.0640625 0.078125
0 0.6203125 0.39375 0.0578125 0.075
28 0.040625 0.484375 0.078125 0.0921875