41 0.0359375 0.52734375 0.06796875 0.09453125
7 0.75546875 0.46640625 0.0609375 0.08203125
7 0.8171875 0.465625 0.0625 0.08203125
4 0.578125 0.4890625 0.05703125 0.08046875
4 0.515625 0.4859375 0.0546875 0.08359375
34 0.3203125 0.50390625 0.05546875 0.084375
8 0.7 0.4703125 0.0609375 0.08203125
34 0.2515625 0.50859375 0.05546875 0.08515625
18 0.38671875 0.49609375 0.05859375 0.0796875
3 0.8734375 0.46015625 0.05546875 0.0796875
8 0.6390625 0.484375 0.06015625 0.0859375
3 0.921875 0.45625 0.06328125 0.08125
18 0.453125 0.4890625 0.059375 0.084375
32 0.17734375 0.5109375 0.0546875 0.07890625
32 0.1109375 0.5171875 0.0546875 0.08125