41 0.0375 0.47890625 0.075 0.1015625
7 0.7578125 0.49296875 0.06875 0.0890625
7 0.81875 0.49921875 0.0703125 0.0875
4 0.57890625 0.49765625 0.0640625 0.0859375
4 0.5171875 0.4875 0.0640625 0.0890625
34 0.32109375 0.48515625 0.0640625 0.0890625
8 0.70234375 0.49140625 0.0703125 0.0875
34 0.25234375 0.4828125 0.0640625 0.090625
18 0.3875 0.484375 0.065625 0.0859375
3 0.87578125 0.49921875 0.0640625 0.084375
8 0.63984375 0.49921875 0.06875 0.0921875
3 0.92421875 0.50078125 0.0703125 0.0875
18 0.4546875 0.484375 0.0671875 0.090625
32 0.178125 0.47734375 0.0625 0.084375
32 0.1109375 0.4765625 0.0609375 0.0859375