26 0.54921875 0.4984375 0.0625 0.0859375
17 0.9296875 0.46796875 0.059375 0.0734375
26 0.60625 0.49296875 0.059375 0.0796875
26 0.6671875 0.48671875 0.0625 0.0796875
31 0.2953125 0.51015625 0.0609375 0.0921875
0 0.7734375 0.4734375 0.0578125 0.0734375
31 0.228125 0.5171875 0.065625 0.0921875
0 0.7171875 0.4765625 0.0578125 0.0734375
34 0.4859375 0.50078125 0.05625 0.0828125
34 0.428125 0.50859375 0.05625 0.0859375
0 0.82734375 0.47109375 0.0578125 0.0734375
34 0.3640625 0.5125 0.0578125 0.0859375
31 0.15859375 0.5296875 0.0625 0.090625
17 0.87734375 0.46796875 0.0546875 0.0734375
41 0.08203125 0.5328125 0.06875 0.096875