15 0.75 0.5109375 0.0703125 0.0828125
15 0.80625 0.51015625 0.0734375 0.084375
15 0.86640625 0.51640625 0.0703125 0.0828125
33 0.6296875 0.5046875 0.0625 0.0765625
33 0.69375 0.5078125 0.0625 0.0734375
11 0.17421875 0.47265625 0.078125 0.0984375
13 0.50859375 0.49453125 0.0671875 0.08125
12 0.38359375 0.4890625 0.071875 0.0875
12 0.4484375 0.49140625 0.065625 0.084375
12 0.24609375 0.47890625 0.0765625 0.09375
12 0.31328125 0.4828125 0.0734375 0.0921875
14 0.5703125 0.5 0.06875 0.0828125
9 0.034375 0.46640625 0.06875 0.1015625
10 0.1046875 0.47109375 0.0796875 0.0984375