41 0.040625 0.4375 0.08125 0.10625
7 0.75703125 0.515625 0.075 0.0921875
7 0.81796875 0.5265625 0.0765625 0.0921875
4 0.57890625 0.50390625 0.0703125 0.090625
4 0.51796875 0.4890625 0.0703125 0.09375
34 0.32265625 0.46953125 0.071875 0.09375
8 0.70234375 0.509375 0.0765625 0.0921875
34 0.2546875 0.4609375 0.071875 0.0953125
18 0.38984375 0.47421875 0.071875 0.0890625
3 0.87421875 0.53203125 0.0703125 0.0890625
8 0.63984375 0.5109375 0.075 0.096875
3 0.92265625 0.5375 0.0765625 0.0921875
18 0.45625 0.48046875 0.075 0.09375
32 0.18125 0.44921875 0.06875 0.0875
32 0.11484375 0.44296875 0.06875 0.090625