7 0.64453125 0.459375 0.07734375 0.11015625
7 0.7109375 0.45390625 0.08515625 0.10859375
32 0.32109375 0.4578125 0.07890625 0.1125
8 0.7203125 0.57109375 0.0875 0.11171875
13 0.93515625 0.55234375 0.07890625 0.103125
28 0.1125 0.60546875 0.09375 0.13359375
13 0.78984375 0.56484375 0.08046875 0.1109375
13 0.86015625 0.5546875 0.07890625 0.1078125
32 0.55859375 0.44921875 0.06875 0.10234375
32 0.4015625 0.45078125 0.06875 0.09296875
8 0.64375 0.575 0.084375 0.1140625
32 0.48359375 0.4453125 0.0671875 0.0890625
8 0.55625 0.565625 0.0859375 0.121875
22 0.20546875 0.57265625 0.08203125 0.12265625
22 0.29453125 0.57890625 0.07890625 0.1140625
22 0.38671875 0.58671875 0.07890625 0.1125
22 0.47109375 0.56640625 0.08046875 0.1140625
5 0.0484375 0.05546875 0.090625 0.08671875