15 0.75 0.49375 0.065625 0.0796875
15 0.80625 0.4890625 0.06875 0.08125
15 0.86640625 0.490625 0.065625 0.0796875
33 0.6296875 0.4953125 0.059375 0.0734375
33 0.69375 0.49453125 0.059375 0.0703125
11 0.1734375 0.49609375 0.0734375 0.09375
13 0.50859375 0.49375 0.0625 0.078125
12 0.38359375 0.496875 0.065625 0.084375
12 0.44765625 0.49453125 0.0609375 0.08125
12 0.2453125 0.496875 0.0703125 0.0890625
12 0.31328125 0.49609375 0.06875 0.0890625
14 0.5703125 0.4953125 0.0640625 0.0796875
9 0.03203125 0.5 0.0640625 0.096875
10 0.103125 0.49921875 0.0734375 0.0953125