26 0.546875 0.48515625 0.078125 0.0953125
17 0.90390625 0.35078125 0.071875 0.0828125
26 0.60078125 0.4640625 0.0734375 0.0890625
26 0.65703125 0.44140625 0.0765625 0.090625
31 0.30625 0.565625 0.078125 0.1015625
0 0.75625 0.39921875 0.0703125 0.0828125
31 0.24375 0.59140625 0.0828125 0.103125
0 0.70234375 0.4171875 0.0703125 0.0828125
34 0.48671875 0.5046875 0.0703125 0.090625
34 0.4328125 0.528125 0.071875 0.0953125
0 0.80625 0.38203125 0.0703125 0.0828125
34 0.37265625 0.54921875 0.0734375 0.0953125
31 0.18046875 0.62265625 0.0796875 0.1
17 0.85390625 0.36484375 0.0671875 0.08125
41 0.1078125 0.646875 0.0875 0.1078125