7 0.65 0.4953125 0.1015625 0.125
7 0.715625 0.50625 0.1078125 0.125
32 0.33671875 0.415625 0.1046875 0.128125
8 0.696875 0.62265625 0.1125 0.1296875
13 0.909375 0.65625 0.1015625 0.11875
28 0.0984375 0.50859375 0.1234375 0.1515625
13 0.765625 0.6328125 0.1046875 0.1265625
13 0.8359375 0.63984375 0.103125 0.125
32 0.56875 0.46484375 0.090625 0.115625
32 0.41640625 0.428125 0.0890625 0.10625
8 0.62109375 0.6078125 0.109375 0.1296875
32 0.49765625 0.44296875 0.0875 0.103125
8 0.5390625 0.57734375 0.1140625 0.1390625
22 0.196875 0.49921875 0.109375 0.1390625
22 0.28125 0.5265625 0.1046875 0.1296875
22 0.36875 0.55703125 0.1046875 0.128125
22 0.45625 0.5578125 0.1046875 0.1296875