7 0.6421875 0.4515625 0.0828125 0.1140625
7 0.70859375 0.44296875 0.090625 0.1125
32 0.31875 0.4671875 0.0859375 0.1171875
8 0.7234375 0.559375 0.09375 0.115625
13 0.9375 0.5296875 0.084375 0.1078125
28 0.11875 0.62578125 0.1 0.1375
13 0.79296875 0.54921875 0.0859375 0.115625
13 0.8625 0.5359375 0.084375 0.1125
32 0.55546875 0.44609375 0.0734375 0.1046875
32 0.39921875 0.45625 0.0734375 0.0953125
8 0.64765625 0.5671875 0.090625 0.1171875
32 0.48046875 0.44609375 0.071875 0.09375
8 0.559375 0.5625 0.09375 0.1265625
22 0.209375 0.58828125 0.0890625 0.128125
22 0.29921875 0.58984375 0.0859375 0.11875
22 0.39140625 0.5921875 0.0859375 0.1171875
22 0.47421875 0.56796875 0.0859375 0.11875
5 0.03671875 0.0796875 0.0734375 0.090625