25 0.19921875 0.4625 0.05390625 0.08671875
34 0.71328125 0.4546875 0.046875 0.0765625
25 0.0640625 0.46640625 0.05390625 0.0875
25 0.13203125 0.4640625 0.05390625 0.0875
10 0.65234375 0.45703125 0.05078125 0.08046875
32 0.8921875 0.4515625 0.046875 0.06875
34 0.83515625 0.4515625 0.04375 0.07421875
32 0.94921875 0.44765625 0.04765625 0.071875
10 0.52890625 0.45859375 0.05 0.0796875
34 0.77578125 0.4515625 0.04609375 0.075
10 0.58984375 0.4578125 0.05 0.08046875
14 0.4015625 0.45703125 0.05390625 0.08046875
14 0.465625 0.45859375 0.05234375 0.08125
14 0.33515625 0.459375 0.05546875 0.0828125
25 0.26953125 0.46015625 0.0546875 0.0859375