8 0.5859375 0.428125 0.1203125 0.1765625
8 0.67421875 0.40546875 0.1203125 0.1609375
0 0.10703125 0.57890625 0.1125 0.1578125
0 0.209375 0.55390625 0.1140625 0.153125
0 0.31015625 0.51328125 0.10625 0.1421875
1 0.3421875 0.69140625 0.1125 0.1609375
1 0.4359375 0.659375 0.109375 0.1625
2 0.53828125 0.61953125 0.1171875 0.159375
2 0.6328125 0.59296875 0.1171875 0.16875
2 0.73046875 0.5765625 0.1265625 0.16875
4 0.40234375 0.484375 0.1109375 0.153125
5 0.4953125 0.45546875 0.1125 0.153125
6 0.7640625 0.3828125 0.1046875 0.1453125
7 0.84765625 0.3546875 0.103125 0.146875