8 0.596875 0.44375 0.0921875 0.1609375
8 0.68828125 0.4375 0.096875 0.146875
0 0.09921875 0.509375 0.0890625 0.14375
0 0.2046875 0.50234375 0.090625 0.13828125
0 0.3109375 0.48046875 0.0859375 0.12890625
1 0.31171875 0.6609375 0.0890625 0.14765625
1 0.409375 0.64609375 0.08359375 0.15
2 0.5171875 0.62421875 0.09375 0.14453125
2 0.61484375 0.61484375 0.09296875 0.1546875
2 0.71328125 0.615625 0.10078125 0.15234375
4 0.40625 0.46796875 0.08828125 0.13984375
5 0.503125 0.45546875 0.08984375 0.1390625
6 0.78046875 0.43046875 0.0828125 0.13359375
7 0.86796875 0.4171875 0.08125 0.1359375