25 0.19765625 0.48359375 0.0609375 0.090625
34 0.709375 0.43984375 0.0515625 0.08125
25 0.0625 0.496875 0.059375 0.090625
25 0.13046875 0.48984375 0.0609375 0.090625
10 0.64921875 0.446875 0.05625 0.0828125
32 0.8875 0.42421875 0.0515625 0.071875
34 0.83125 0.428125 0.0484375 0.078125
32 0.94453125 0.41640625 0.053125 0.075
10 0.52578125 0.45703125 0.0546875 0.0828125
34 0.771875 0.4328125 0.05 0.078125
10 0.58671875 0.4515625 0.05625 0.084375
14 0.3984375 0.4640625 0.059375 0.0828125
14 0.4625 0.4609375 0.0578125 0.084375
14 0.3328125 0.47109375 0.0609375 0.0859375
25 0.2671875 0.4765625 0.0609375 0.0890625