8 0.60390625 0.4578125 0.115625 0.1734375
8 0.6953125 0.4640625 0.115625 0.159375
0 0.1015625 0.453125 0.1078125 0.1546875
0 0.20703125 0.4609375 0.109375 0.15
0 0.315625 0.4546875 0.1015625 0.140625
1 0.29140625 0.6328125 0.109375 0.1578125
1 0.38984375 0.63203125 0.1046875 0.1609375
2 0.5 0.62578125 0.1125 0.15625
2 0.59765625 0.6296875 0.1125 0.165625
2 0.6953125 0.64453125 0.121875 0.165625
4 0.41171875 0.45546875 0.10625 0.15
5 0.509375 0.45625 0.109375 0.15
6 0.7875 0.4703125 0.1 0.14375
7 0.87578125 0.46953125 0.0984375 0.1453125