5 0.35 0.52109375 0.0546875 0.0734375
8 0.56875 0.50234375 0.0546875 0.0703125
7 0.51796875 0.5078125 0.053125 0.0703125
5 0.28984375 0.52421875 0.0546875 0.075
29 0.22890625 0.53046875 0.0578125 0.078125
4 0.96484375 0.46796875 0.059375 0.065625
5 0.40546875 0.51640625 0.053125 0.0734375
3 0.9265625 0.47421875 0.05625 0.0640625
6 0.46171875 0.509375 0.05 0.06875
41 0.0453125 0.54296875 0.065625 0.08125
2 0.878125 0.478125 0.0546875 0.0640625
38 0.10625 0.53984375 0.059375 0.0796875
35 0.8265625 0.48359375 0.0484375 0.0625
37 0.61953125 0.5 0.053125 0.0703125
37 0.7234375 0.49296875 0.0578125 0.0703125
35 0.775 0.48359375 0.0484375 0.0640625
37 0.675 0.496875 0.0546875 0.06875
40 0.16796875 0.53515625 0.0578125 0.0796875