5 0.3515625 0.53125 0.05625 0.075
8 0.56875 0.496875 0.05625 0.071875
7 0.51796875 0.50703125 0.0546875 0.071875
5 0.2921875 0.5390625 0.05625 0.0765625
29 0.23203125 0.54921875 0.0609375 0.0796875
4 0.96171875 0.4359375 0.0625 0.0671875
5 0.40625 0.52265625 0.0546875 0.075
3 0.9234375 0.44453125 0.0578125 0.0671875
6 0.4625 0.5125 0.0515625 0.0703125
41 0.04921875 0.57421875 0.0671875 0.0828125
2 0.875 0.45234375 0.05625 0.065625
38 0.11015625 0.5671875 0.0625 0.08125
35 0.825 0.4609375 0.05 0.0640625
37 0.61953125 0.49140625 0.0546875 0.0734375
37 0.72265625 0.47734375 0.059375 0.071875
35 0.7734375 0.46484375 0.05 0.065625
37 0.67421875 0.484375 0.05625 0.071875
40 0.17109375 0.5578125 0.0609375 0.08125