16 0.54296875 0.3875 0.1046875 0.1265625
16 0.64140625 0.3890625 0.1078125 0.1265625
18 0.39453125 0.5828125 0.1328125 0.175
16 0.44453125 0.38125 0.1046875 0.13125
7 0.74921875 0.3984375 0.11875 0.125
12 0.5125 0.5875 0.1328125 0.1671875
0 0.34375 0.36640625 0.096875 0.1109375
0 0.23984375 0.36484375 0.1015625 0.1234375
18 0.27265625 0.57109375 0.1328125 0.165625
0 0.13515625 0.35625 0.103125 0.121875
12 0.73671875 0.59765625 0.1390625 0.165625
12 0.625 0.59296875 0.1328125 0.1671875
18 0.1484375 0.56640625 0.14375 0.171875
7 0.846875 0.40234375 0.1265625 0.1234375