16 0.5125 0.3796875 0.1078125 0.128125
16 0.6078125 0.35625 0.109375 0.128125
18 0.41953125 0.6078125 0.1359375 0.1765625
16 0.415625 0.4 0.10625 0.1328125
7 0.71484375 0.3375 0.1203125 0.1265625
12 0.534375 0.58125 0.134375 0.16875
0 0.31484375 0.41171875 0.0984375 0.1125
0 0.21328125 0.43671875 0.103125 0.125
18 0.2984375 0.62734375 0.1359375 0.1671875
0 0.11015625 0.45546875 0.10625 0.1234375
12 0.75390625 0.5328125 0.1421875 0.1671875
12 0.64453125 0.5578125 0.134375 0.16875
18 0.178125 0.6546875 0.146875 0.1734375
7 0.809375 0.31640625 0.128125 0.125