15 0.5015625 0.5015625 0.1 0.1234375
11 0.30234375 0.5 0.1 0.1203125
11 0.10234375 0.5 0.103125 0.121875
11 0.20234375 0.49921875 0.103125 0.1234375
11 0.4 0.50078125 0.1015625 0.1234375
14 0.8046875 0.38671875 0.1015625 0.1171875
9 0.22265625 0.26953125 0.0984375 0.109375
15 0.80625 0.5046875 0.1015625 0.121875
17 0.9140625 0.6390625 0.1078125 0.146875
17 0.9046875 0.50703125 0.10625 0.1265625
14 0.6046875 0.38515625 0.096875 0.1171875
15 0.603125 0.50234375 0.1015625 0.121875
9 0.315625 0.2703125 0.096875 0.1109375
15 0.7046875 0.50234375 0.1015625 0.1234375
14 0.5046875 0.3828125 0.0984375 0.1203125
9 0.4125 0.27109375 0.0984375 0.1109375
14 0.70390625 0.3859375 0.1 0.1171875
10 0.11484375 0.38125 0.1015625 0.11875
10 0.2125 0.38203125 0.1015625 0.11875
9 0.1265625 0.2703125 0.1 0.1078125
10 0.3078125 0.38359375 0.1 0.115625
17 0.896875 0.27578125 0.1 0.1140625
17 0.90078125 0.38828125 0.1046875 0.1203125
10 0.40625 0.38359375 0.1 0.115625
16 0.49765625 0.62890625 0.1015625 0.13125
16 0.809375 0.63671875 0.1046875 0.1421875
16 0.6015625 0.63203125 0.1015625 0.1375
13 0.50859375 0.27109375 0.0984375 0.109375
13 0.60625 0.271875 0.096875 0.1140625
13 0.80078125 0.2734375 0.0984375 0.1140625
16 0.70546875 0.634375 0.103125 0.140625
13 0.70390625 0.27265625 0.0984375 0.1140625
12 0.2953125 0.6234375 0.1046875 0.13125
12 0.39765625 0.62578125 0.103125 0.13125
12 0.19296875 0.62421875 0.10625 0.1328125
12 0.0921875 0.62578125 0.1046875 0.1359375