15 0.5015625 0.5015625 0.115625 0.1359375
11 0.30546875 0.534375 0.115625 0.1328125
11 0.10859375 0.56953125 0.11875 0.134375
11 0.20703125 0.5515625 0.11875 0.1359375
11 0.4015625 0.51796875 0.1171875 0.1359375
14 0.7796875 0.33515625 0.1171875 0.1296875
9 0.18671875 0.32109375 0.1125 0.121875
15 0.80234375 0.4515625 0.1171875 0.134375
17 0.93203125 0.565625 0.1265625 0.159375
17 0.9 0.43671875 0.121875 0.1390625
14 0.5828125 0.36875 0.1125 0.1296875
15 0.60234375 0.484375 0.1171875 0.134375
9 0.27890625 0.30546875 0.1109375 0.1234375
15 0.7015625 0.46640625 0.11875 0.1359375
14 0.48359375 0.38359375 0.1140625 0.1328125
9 0.37421875 0.28984375 0.1125 0.1234375
14 0.68046875 0.3515625 0.1140625 0.1296875
10 0.1 0.45 0.1171875 0.13125
10 0.19609375 0.43359375 0.1171875 0.13125
9 0.0921875 0.33828125 0.1140625 0.1203125
10 0.28984375 0.41875 0.115625 0.128125
17 0.85234375 0.21015625 0.115625 0.1265625
17 0.875 0.3203125 0.1203125 0.1328125
10 0.3875 0.4015625 0.115625 0.128125
16 0.5203125 0.62734375 0.11875 0.14375
16 0.828125 0.58125 0.121875 0.1546875
16 0.62265625 0.6125 0.11875 0.15
13 0.46875 0.2734375 0.1125 0.121875
13 0.56484375 0.25703125 0.1109375 0.1265625
13 0.75703125 0.22421875 0.1140625 0.1265625
16 0.72578125 0.59609375 0.1203125 0.153125
13 0.66171875 0.240625 0.1140625 0.1265625
12 0.3203125 0.6578125 0.121875 0.14375
12 0.42109375 0.64140625 0.11875 0.14375
12 0.21953125 0.67578125 0.1234375 0.1453125
12 0.1203125 0.69453125 0.1234375 0.1484375