19 0.13203125 0.1765625 0.13125 0.2421875
19 0.22109375 0.8890625 0.1328125 0.221875
24 0.6734375 0.11796875 0.13125 0.2359375
24 0.73515625 0.5921875 0.1328125 0.2421875
19 0.19140625 0.6625 0.1359375 0.246875
20 0.240625 0.16953125 0.1359375 0.2390625
18 0.10703125 0.896875 0.1296875 0.20625
19 0.16015625 0.41484375 0.1328125 0.246875
26 0.9375 0.56875 0.125 0.246875
24 0.76484375 0.83671875 0.1328125 0.2390625
26 0.95703125 0.8078125 0.0859375 0.24375
18 0.040625 0.19140625 0.08125 0.2421875
23 0.64921875 0.85078125 0.13125 0.234375
23 0.5578125 0.13359375 0.1359375 0.2421875
18 0.07578125 0.6703125 0.1296875 0.2484375
18 0.05546875 0.42734375 0.1109375 0.2453125
20 0.33125 0.884375 0.134375 0.23125
25 0.8703125 0.8203125 0.1265625 0.2390625
22 0.55 0.86328125 0.134375 0.2375
24 0.7046875 0.35546875 0.1328125 0.2421875
22 0.48984375 0.3859375 0.134375 0.2453125
26 0.88359375 0.10625 0.1328125 0.2125
22 0.45859375 0.14453125 0.134375 0.2390625
20 0.26875 0.4078125 0.1359375 0.2421875
23 0.5890625 0.36953125 0.13125 0.2421875
26 0.91171875 0.33046875 0.134375 0.24375
22 0.51875 0.6203125 0.134375 0.2421875
25 0.8421875 0.58203125 0.13125 0.2453125
23 0.61875 0.6078125 0.13125 0.24375
25 0.775 0.11015625 0.128125 0.2203125
25 0.8078125 0.34140625 0.1171875 0.2375
20 0.29765625 0.64765625 0.134375 0.2484375
21 0.346875 0.15703125 0.1328125 0.2453125
21 0.3765625 0.39765625 0.1328125 0.24375
21 0.40625 0.6359375 0.1296875 0.2421875
21 0.43828125 0.87734375 0.13125 0.2421875