19 0.2421875 0.103125 0.14375 0.20625
19 0.1171875 0.8 0.14375 0.2453125
24 0.77890625 0.18359375 0.1421875 0.2453125
24 0.69765625 0.65703125 0.1453125 0.246875
19 0.1578125 0.56484375 0.146875 0.25
20 0.3484375 0.11484375 0.146875 0.2296875
18 0.03671875 0.7828125 0.0734375 0.246875
19 0.19921875 0.31953125 0.14375 0.25
26 0.90234375 0.6953125 0.14375 0.25
24 0.6546875 0.88828125 0.14375 0.2234375
26 0.865625 0.90546875 0.134375 0.1890625
18 0.12890625 0.09296875 0.1390625 0.1859375
23 0.540625 0.87890625 0.1421875 0.2375
23 0.6625 0.1671875 0.146875 0.246875
18 0.0578125 0.53828125 0.115625 0.2515625
18 0.0875 0.2984375 0.140625 0.2484375
20 0.225 0.821875 0.1453125 0.2421875
25 0.759375 0.896875 0.1375 0.20625
22 0.44140625 0.86171875 0.1453125 0.2421875
24 0.73828125 0.42109375 0.14375 0.2453125
22 0.5234375 0.38828125 0.1453125 0.2484375
26 0.95703125 0.221875 0.0859375 0.246875
22 0.5640625 0.14765625 0.1453125 0.24375
20 0.30625 0.34453125 0.146875 0.246875
23 0.6234375 0.4015625 0.1421875 0.2453125
26 0.93515625 0.4578125 0.1296875 0.246875
22 0.4828125 0.6203125 0.146875 0.246875
25 0.803125 0.67890625 0.1421875 0.2484375
23 0.58203125 0.6375 0.1421875 0.246875
25 0.88046875 0.2 0.1390625 0.240625
25 0.840625 0.4390625 0.128125 0.240625
20 0.26328125 0.58203125 0.1453125 0.2515625
21 0.45390625 0.12734375 0.14375 0.25
21 0.41171875 0.36640625 0.14375 0.246875
21 0.37109375 0.60234375 0.1421875 0.2453125
21 0.33046875 0.84296875 0.14375 0.2453125