12 0.38671875 0.6140625 0.1046875 0.2375
12 0.3875 0.375 0.10546875 0.2359375
12 0.3890625 0.1390625 0.1046875 0.23359375
14 0.6015625 0.61015625 0.109375 0.2375
15 0.70703125 0.85234375 0.10703125 0.23515625
11 0.284375 0.61484375 0.11015625 0.234375
15 0.7125 0.36875 0.10625 0.23828125
11 0.28515625 0.1390625 0.11015625 0.234375
11 0.28203125 0.8546875 0.1078125 0.2390625
15 0.71015625 0.6171875 0.10625 0.23671875
13 0.49921875 0.61171875 0.11015625 0.23671875
13 0.496875 0.13671875 0.1078125 0.2328125
17 0.928125 0.1375 0.10859375 0.2328125
12 0.384375 0.859375 0.10546875 0.23515625
17 0.925 0.6109375 0.10703125 0.23984375
17 0.9203125 0.85 0.10703125 0.23828125
13 0.490625 0.85546875 0.10703125 0.2359375
16 0.8203125 0.8484375 0.1078125 0.23359375
11 0.2796875 0.3765625 0.10625 0.23828125
13 0.4984375 0.37421875 0.10625 0.240625
14 0.60390625 0.36875 0.10859375 0.2375
9 0.05859375 0.128125 0.10625 0.23671875
10 0.16875 0.61328125 0.10625 0.23515625
16 0.825 0.61015625 0.10859375 0.2390625
16 0.825 0.1375 0.10703125 0.23203125
17 0.928125 0.37265625 0.10859375 0.23671875
10 0.16875 0.13671875 0.1046875 0.2359375
14 0.6046875 0.13515625 0.10859375 0.23203125
15 0.715625 0.1328125 0.10703125 0.225
16 0.821875 0.371875 0.1 0.225
10 0.17265625 0.3765625 0.10234375 0.23046875
9 0.06640625 0.3703125 0.10390625 0.22421875
9 0.0640625 0.61015625 0.1 0.2328125
10 0.171875 0.8546875 0.10390625 0.23515625
9 0.06171875 0.85234375 0.09921875 0.23984375
14 0.6015625 0.85390625 0.10390625 0.228125
15 0.70703125 0.8515625 0.10234375 0.22578125