12 0.37734375 0.60390625 0.125 0.2453125
12 0.3984375 0.365625 0.1265625 0.2453125
12 0.42109375 0.13046875 0.1234375 0.2421875
14 0.59140625 0.61875 0.1296875 0.246875
15 0.67578125 0.86875 0.128125 0.24375
11 0.275 0.5953125 0.1296875 0.24375
15 0.7234375 0.3875 0.1265625 0.2453125
11 0.3171875 0.121875 0.13125 0.24375
11 0.2515625 0.834375 0.128125 0.2484375
15 0.69921875 0.63515625 0.1265625 0.2453125
13 0.48984375 0.6109375 0.13125 0.2453125
13 0.52890625 0.1375 0.1265625 0.240625
17 0.94609375 0.1765625 0.1078125 0.240625
12 0.353125 0.84765625 0.1265625 0.2421875
17 0.9140625 0.64765625 0.1265625 0.2484375
17 0.88828125 0.88125 0.1265625 0.2375
13 0.459375 0.853125 0.1265625 0.24375
16 0.7890625 0.875 0.1296875 0.2421875
11 0.29140625 0.3578125 0.1265625 0.2453125
13 0.509375 0.37421875 0.1265625 0.2484375
14 0.61484375 0.378125 0.128125 0.2453125
9 0.09296875 0.10703125 0.1265625 0.2140625
10 0.16015625 0.58359375 0.1265625 0.24375
16 0.8140625 0.63828125 0.1296875 0.2484375
16 0.85546875 0.1671875 0.1265625 0.2390625
17 0.9359375 0.41015625 0.128125 0.2453125
10 0.20078125 0.115625 0.1265625 0.23125
14 0.6359375 0.1453125 0.1296875 0.240625
15 0.746875 0.153125 0.125 0.2328125
16 0.83203125 0.40078125 0.11875 0.2328125
10 0.184375 0.3484375 0.121875 0.2390625
9 0.0796875 0.3328125 0.1234375 0.2328125
9 0.0578125 0.571875 0.115625 0.240625
10 0.1421875 0.825 0.1234375 0.2421875
9 0.04609375 0.8125 0.0921875 0.246875
14 0.5703125 0.86171875 0.1234375 0.2359375
15 0.67578125 0.86796875 0.1203125 0.2328125