12 0.37890625 0.60625 0.1203125 0.24375
12 0.396875 0.3671875 0.121875 0.24375
12 0.41484375 0.13203125 0.1203125 0.240625
14 0.59375 0.6171875 0.125 0.2453125
15 0.68203125 0.865625 0.1234375 0.2421875
11 0.2765625 0.59921875 0.125 0.2421875
15 0.72109375 0.38359375 0.121875 0.24375
11 0.3109375 0.125 0.1265625 0.2421875
11 0.2578125 0.83828125 0.125 0.246875
15 0.7015625 0.63125 0.121875 0.24375
13 0.49140625 0.61171875 0.1265625 0.24375
13 0.521875 0.1375 0.121875 0.2390625
17 0.94453125 0.16796875 0.1109375 0.2390625
12 0.359375 0.85078125 0.121875 0.240625
17 0.91640625 0.640625 0.1234375 0.246875
17 0.89453125 0.87734375 0.1234375 0.2453125
13 0.465625 0.85390625 0.121875 0.2421875
16 0.7953125 0.8703125 0.125 0.240625
11 0.2890625 0.36171875 0.121875 0.24375
13 0.50703125 0.37421875 0.1234375 0.246875
14 0.6125 0.3765625 0.125 0.24375
9 0.0859375 0.11015625 0.121875 0.2203125
10 0.16171875 0.58984375 0.121875 0.2421875
16 0.81640625 0.6328125 0.125 0.246875
16 0.84921875 0.1609375 0.121875 0.2390625
17 0.9359375 0.403125 0.125 0.24375
10 0.19375 0.11796875 0.121875 0.2359375
14 0.6296875 0.14296875 0.125 0.2390625
15 0.740625 0.1484375 0.121875 0.23125
16 0.8296875 0.39453125 0.115625 0.23125
10 0.18203125 0.35390625 0.1171875 0.2375
9 0.0765625 0.340625 0.1203125 0.23125
9 0.0578125 0.5796875 0.115625 0.2390625
10 0.14765625 0.83125 0.11875 0.240625
9 0.04765625 0.82109375 0.0953125 0.2453125
14 0.5765625 0.86015625 0.11875 0.234375
15 0.68203125 0.86484375 0.1171875 0.23125