32 0.74921875 0.7359375 0.1296875 0.1015625
14 0.61171875 0.05703125 0.109375 0.09375
8 0.92890625 0.28671875 0.1109375 0.09375
38 0.56328125 0.9515625 0.1171875 0.0953125
7 0.81796875 0.28515625 0.1078125 0.0890625
17 0.9421875 0.06171875 0.115625 0.0921875
5 0.60546875 0.28125 0.1046875 0.0859375
24 0.71875 0.51015625 0.1109375 0.0890625
37 0.8765625 0.73984375 0.128125 0.1015625
26 0.94140625 0.51328125 0.115625 0.0921875
2 0.29296875 0.27578125 0.0984375 0.0828125
9 0.07265625 0.053125 0.1125 0.0859375
35 0.253125 0.7296875 0.125 0.103125
3 0.39765625 0.278125 0.1015625 0.0859375
41 0.90703125 0.9546875 0.1203125 0.090625
28 0.21953125 0.946875 0.11875 0.0984375
11 0.28984375 0.0546875 0.1109375 0.090625
10 0.18359375 0.0546875 0.1109375 0.090625
15 0.7203125 0.0578125 0.1109375 0.09375
25 0.828125 0.5125 0.1109375 0.090625
0 0.07890625 0.27265625 0.1046875 0.0828125
16 0.83125 0.0609375 0.1109375 0.09375
31 0.1265625 0.72578125 0.1265625 0.103125
21 0.39296875 0.50703125 0.10625 0.090625
19 0.175 0.5015625 0.1078125 0.0875
13 0.50625 0.05625 0.1078125 0.0921875
12 0.39765625 0.0546875 0.109375 0.0890625
36 0.37578125 0.7328125 0.1234375 0.1015625
18 0.065625 0.50390625 0.1078125 0.0875
22 0.49921875 0.50703125 0.109375 0.0875
33 0.4984375 0.7328125 0.121875 0.1046875
1 0.18984375 0.2734375 0.0984375 0.084375
20 0.284375 0.50546875 0.1078125 0.0890625
39 0.67734375 0.95234375 0.1171875 0.0953125
34 0.625 0.73515625 0.125 0.1015625
29 0.44609375 0.9515625 0.115625 0.096875
6 0.7109375 0.28515625 0.10625 0.0859375
4 0.5015625 0.28046875 0.1015625 0.084375
40 0.79140625 0.953125 0.1171875 0.09375
27 0.109375 0.9453125 0.1140625 0.096875
41 0.33359375 0.946875 0.11875 0.0953125
23 0.6078125 0.5078125 0.0984375 0.0921875