32 0.79296875 0.67890625 0.1453125 0.121875
14 0.51640625 0.04921875 0.1234375 0.0984375
8 0.875 0.2015625 0.125 0.1109375
38 0.65546875 0.928125 0.13125 0.1140625
7 0.76640625 0.2234375 0.121875 0.10625
17 0.84296875 0.0171875 0.1296875 0.034375
5 0.5578125 0.2640625 0.1171875 0.103125
24 0.715625 0.4640625 0.1234375 0.10625
37 0.91796875 0.65703125 0.14375 0.121875
26 0.934375 0.42109375 0.1296875 0.1109375
2 0.25078125 0.32421875 0.1109375 0.0984375
9 0.02578125 0.15234375 0.0515625 0.1046875
35 0.30625 0.77578125 0.140625 0.1234375
3 0.35390625 0.30390625 0.1140625 0.1015625
41 0.9625 0.86328125 0.075 0.1171875
28 0.31796875 0.96796875 0.1328125 0.0640625
11 0.2015625 0.10859375 0.125 0.1078125
10 0.09765625 0.13046875 0.125 0.1078125
15 0.6234375 0.03828125 0.125 0.0765625
25 0.8234375 0.44453125 0.1234375 0.1078125
0 0.04921875 0.3640625 0.0984375 0.1
16 0.7328125 0.028125 0.125 0.05625
31 0.18125 0.7984375 0.1421875 0.1234375
21 0.396875 0.52890625 0.1203125 0.1078125
19 0.18203125 0.56875 0.121875 0.1046875
13 0.4140625 0.06484375 0.121875 0.109375
12 0.30703125 0.08515625 0.1234375 0.10625
36 0.4265625 0.75390625 0.1390625 0.121875
18 0.07578125 0.59453125 0.1203125 0.1046875
22 0.50078125 0.50703125 0.121875 0.1046875
33 0.546875 0.728125 0.1375 0.1234375
1 0.14921875 0.34296875 0.1109375 0.1
20 0.28984375 0.55 0.1203125 0.10625
39 0.76796875 0.9078125 0.13125 0.1171875
34 0.67109375 0.70390625 0.140625 0.121875
29 0.54140625 0.94765625 0.1296875 0.1046875
6 0.66171875 0.24609375 0.11875 0.103125
4 0.45546875 0.28515625 0.1140625 0.1
40 0.88046875 0.884375 0.1328125 0.1171875
27 0.209375 0.9796875 0.128125 0.040625
41 0.43046875 0.95703125 0.1328125 0.0859375
23 0.60703125 0.4859375 0.1125 0.1078125