32 0.753125 0.73125 0.12734375 0.09921875
14 0.60390625 0.05546875 0.10859375 0.0921875
8 0.925 0.27890625 0.11015625 0.09140625
38 0.57109375 0.95 0.115625 0.09453125
7 0.8140625 0.2796875 0.10703125 0.08671875
17 0.9359375 0.0546875 0.1140625 0.090625
5 0.6015625 0.2796875 0.1046875 0.08515625
24 0.71875 0.50625 0.11015625 0.0859375
37 0.88046875 0.73359375 0.12734375 0.1
26 0.94140625 0.50546875 0.11484375 0.090625
2 0.2890625 0.2796875 0.096875 0.08203125
9 0.06484375 0.0609375 0.1109375 0.0859375
35 0.25703125 0.73359375 0.12421875 0.10078125
3 0.39375 0.2796875 0.1015625 0.08359375
41 0.915625 0.95078125 0.1203125 0.09609375
28 0.22734375 0.9515625 0.1171875 0.0953125
11 0.28203125 0.05859375 0.109375 0.08984375
10 0.17578125 0.06015625 0.109375 0.0890625
15 0.7125 0.05390625 0.10859375 0.0921875
25 0.828125 0.50703125 0.10859375 0.0890625
0 0.075 0.2796875 0.103125 0.08203125
16 0.8234375 0.05546875 0.109375 0.09140625
31 0.13046875 0.73203125 0.125 0.1015625
21 0.39296875 0.50859375 0.10546875 0.08828125
19 0.175 0.50703125 0.1078125 0.08671875
13 0.4984375 0.05625 0.10703125 0.08984375
12 0.38984375 0.05625 0.10859375 0.0875
36 0.3796875 0.73515625 0.12265625 0.1
18 0.065625 0.51171875 0.10703125 0.08671875
22 0.49921875 0.50703125 0.1078125 0.08671875
33 0.50234375 0.7328125 0.1203125 0.1015625
1 0.1859375 0.27890625 0.096875 0.08203125
20 0.284375 0.509375 0.1046875 0.08671875
39 0.68515625 0.9515625 0.115625 0.0953125
34 0.62890625 0.7328125 0.12421875 0.1
29 0.45390625 0.95234375 0.11328125 0.0953125
6 0.70703125 0.28125 0.10390625 0.084375
4 0.49765625 0.28046875 0.1 0.0828125
40 0.8 0.95 0.11640625 0.09609375
27 0.1171875 0.95234375 0.11328125 0.0953125
41 0.34140625 0.95 0.1171875 0.09453125
23 0.6078125 0.50625 0.09609375 0.08984375