5 0.24864554375 0.5233904390624999 0.2588469328125 0.446753525 0.2575610609375 0.4401382890625 0.17403367187500002 0.40753925312500006 0.159781196875 0.4892433328125 0.2461332546875 0.5238787796875 0.24864554375 0.5233904390624999
5 0.39842238750000003 0.285758196875 0.450366540625 0.25284680625 0.45023579218750004 0.2521741609375 0.404980578125 0.15159080625000002 0.35015303124999997 0.1864589890625 0.3932361984375 0.2867662890625 0.39842238750000003 0.285758196875
5 0.3136416296875 0.443903196875 0.314155253125 0.44380335937500004 0.35159215 0.38342436874999997 0.351234121875 0.38158246875 0.28087900625 0.31117481874999997 0.2438813359375 0.36976220312499997 0.24401789843750002 0.3704647578125 0.3136416296875 0.443903196875
4 0.7941779296875 0.460326796875 0.8600451796874999 0.4360886328125 0.8585198999999999 0.42824174375 0.8354534156250001 0.358809021875 0.759217646875 0.37994558437500003 0.7837456359375 0.46235462812500006 0.7941779296875 0.460326796875
3 0.7552821359374999 0.6843646703124999 0.7806753953125 0.5927948765625 0.778876253125 0.5835390953124999 0.7255656578125 0.547707290625 0.694770578125 0.6462199609375 0.7504399640625 0.6853058937500001 0.7552821359374999 0.6843646703124999
2 0.48520925625 0.47263187812499996 0.48392796875000005 0.40093893593749996 0.48196783906249996 0.3908549421875 0.40005288281249995 0.380134665625 0.3980192578125 0.46243067031249996 0.48215847656250005 0.4732248890625 0.48520925625 0.47263187812499996
16 0.593268575 0.438893315625 0.647535575 0.4073677359375 0.646006115625 0.39949935000000003 0.6048736078125 0.3054233703125 0.5474061406249999 0.3400206453125 0.5890493921875 0.439713440625 0.593268575 0.438893315625
16 0.5163484656249999 0.46021204843749997 0.52336905 0.4588473859375 0.5747945750000001 0.42673841875 0.5311606015625 0.3243464109375 0.47387784687499995 0.35596138437499997 0.5163484656249999 0.46021204843749997
16 0.3984260953125 0.5015318640624999 0.39244594843749997 0.4707666796875 0.3072955953125 0.48808877187500005 0.32218341562499997 0.5722744703125 0.40898798437500006 0.557076771875 0.3984260953125 0.5015318640624999
15 0.24982833750000003 0.6218487078125 0.2615086 0.5423347875 0.2605468421875 0.5373869734375 0.1756369625 0.5046230046875 0.16129328437499998 0.5857464546875 0.2456576390625 0.622659409375 0.24982833750000003 0.6218487078125
9 0.2892367734375 0.73834458125 0.338554796875 0.70122740625 0.3363444640625 0.689856234375 0.2932581109375 0.598054509375 0.2367964375 0.6399914578125 0.28378530468749996 0.7394042390625 0.2892367734375 0.73834458125
9 0.6356741343750001 0.1759713359375 0.6366291875 0.1137835328125 0.633988084375 0.100196234375 0.5525246562499999 0.0842624765625 0.5506596015625 0.1639548390625 0.63155250625 0.1767724984375 0.6356741343750001 0.1759713359375
26 0.5539957281250001 0.32873806562499996 0.5714945921875 0.26183531250000003 0.570488953125 0.25666174375 0.49392091718750003 0.2124531953125 0.47445693437500003 0.2839046625 0.5497924296875001 0.329555103125 0.5539957281250001 0.32873806562499996
24 0.3305322328125 0.3514822859375 0.377772609375 0.27244663281250003 0.3767709265625 0.267293425 0.325178025 0.2144076359375 0.2758392 0.29921374218749996 0.3300404125 0.3515778859375 0.3305322328125 0.3514822859375
24 0.3902578984375 0.6932401453125 0.4651299046875 0.6481616 0.4647252671875 0.646079921875 0.43248914687499995 0.5674121484375 0.3566828265625 0.613063921875 0.3880008296875 0.693678875 0.3902578984375 0.6932401453125
24 0.5959896375 0.7646720859375 0.6484417625 0.747771178125 0.6477092828125001 0.7440028953125 0.6147662859375 0.6330364671875001 0.5543909671875 0.6545687984375 0.585307853125 0.7667484140624999 0.5959896375 0.7646720859375
24 0.5561227875 0.587779015625 0.55677233125 0.48908208750000004 0.5548470531249999 0.47917738437499996 0.49231340625 0.47020375156250005 0.4889803234375 0.5781350859375001 0.5486088703124999 0.589239571875 0.5561227875 0.587779015625
21 0.3686667734375 0.8613867531249999 0.383442509375 0.7847559625 0.3821480296875 0.77809644375 0.30247696875 0.737950875 0.28348954531250004 0.8223621578125 0.36371543281249996 0.8623491968750001 0.3686667734375 0.8613867531249999
20 0.23164362187499998 0.7622735140625 0.2531769671875 0.68781505 0.2521785828125 0.68267880625 0.172323540625 0.6349060093750001 0.1475717171875 0.713034646875 0.2282032359375 0.7629422578125 0.23164362187499998 0.7622735140625
19 0.594742446875 0.9463734265625 0.6191852109375 0.8429237875 0.6184101734375 0.8389365671875 0.55769499375 0.8027715109375 0.5308917625 0.9111053625000001 0.593697234375 0.9465765953125 0.594742446875 0.9463734265625
18 0.5105721 0.7860508078125 0.5781321359375 0.762745103125 0.5715280093749999 0.728769815625 0.5576131156249999 0.6761037125 0.47585299374999995 0.7068561718749999 0.4970614875 0.7886770046875 0.5105721 0.7860508078125
36 0.7928671703125 0.9030866468750001 0.8127889375 0.798948815625 0.812236346875 0.796105984375 0.7491790203125 0.7661115406250001 0.729350496875 0.8741378046875001 0.7908409859375001 0.9034804968750001 0.7928671703125 0.9030866468750001
36 0.856545496875 0.6981077078125 0.8702747109375 0.6279248984375 0.8683899890625 0.6182288453125 0.7914247015625 0.5744287406249999 0.7737196749999999 0.650853365625 0.8542729015624999 0.69854945625 0.856545496875 0.6981077078125
35 0.3950873375 0.09129221562499999 0.3937104734375 0.08420886875 0.31381386875 0.046386487500000004 0.2990938796875 0.12154586406250001 0.3815518046875 0.159724734375 0.3950873375 0.09129221562499999
32 0.7247628781250001 0.51520508125 0.7377246890625 0.5126855609375001 0.785774275 0.4961940828125 0.7842411265625 0.48830671875 0.755699353125 0.38882271562500004 0.6955952765625 0.40894894531250003 0.6958233984375 0.41012253281250005 0.7247628781250001 0.51520508125
34 0.721661553125 0.8230146703125 0.750394203125 0.72362025625 0.7498276078125 0.7207053734375 0.690968025 0.6799748421875 0.65897768125 0.7825121968750001 0.7190855640625 0.8235153921875 0.721661553125 0.8230146703125
34 0.63573355 0.6105061265625 0.6666249453125 0.5465181203125 0.66563505625 0.541425584375 0.593020190625 0.47791940000000005 0.55998749375 0.5439202125 0.6353403937500001 0.6105825484375 0.63573355 0.6105061265625
29 0.4664491359375 0.9840450781250001 0.47291265468750004 0.982788696875 0.5312483218749999 0.964448903125 0.5006543890625 0.8479429171874999 0.4367065390625 0.8689440765625 0.4664491359375 0.9840450781250001