33 0.6627541828125 0.39710393125 0.66191395 0.393733940625 0.5853131484375 0.3241369984375 0.5850797359375 0.3241951953125 0.5472054421875 0.392122725 0.6255412921875 0.46386803906249996 0.626860296875 0.4635391734375 0.6627541828125 0.39710393125
36 0.5386396687499999 0.3837100109375 0.537290653125 0.37829940624999997 0.46756542031250004 0.3084054578125 0.4673780625 0.308452171875 0.4298676515625 0.371680990625 0.5021120671875 0.44633238750000004 0.5023283265625 0.4462784671875 0.5386396687499999 0.3837100109375
35 0.4970106125 0.5490553515625 0.487323640625 0.43624050625 0.48658136250000006 0.43326339531249997 0.41898302187500003 0.4332417765625 0.4175724734375 0.433593465625 0.42710739999999997 0.549954640625 0.427119134375 0.5500017078125 0.49478377656249994 0.5496105640625 0.4970106125 0.5490553515625
31 0.3382996421875 0.807342309375 0.3369366359375 0.8018755890625 0.27176684687499997 0.7574526703125 0.2351808546875 0.8699196984374999 0.302844796875 0.91616443125 0.3382996421875 0.807342309375
37 0.525071678125 0.6998716546875 0.5133006703125 0.617933034375 0.51097958125 0.608623659375 0.41961383750000003 0.614287365625 0.4310912546875 0.7073071640624999 0.5119960046875 0.7031317859375 0.525071678125 0.6998716546875
32 0.5959495515625 0.5855797875000001 0.6137362000000001 0.48468616718749996 0.612175753125 0.47842755937500003 0.546864434375 0.4458326875 0.52444540625 0.5544915140625 0.59265143125 0.5864021015625 0.5959495515625 0.5855797875000001
34 0.72955946875 0.8050895 0.7260203749999999 0.683144246875 0.7258211 0.6823450015625 0.653476684375 0.6701135296875 0.6542365390625 0.7927396625 0.7249702484375 0.8062337218750001 0.72955946875 0.8050895
34 0.547907353125 0.9196248125 0.5740010718749999 0.8355542640625 0.573113328125 0.8319937203125001 0.4849994125 0.7722041359375 0.45764433593750004 0.8575796703125 0.5465010375 0.9199754468749999 0.547907353125 0.9196248125
25 0.6661558890625 0.9320108203125 0.7112548000000001 0.8693532171875 0.710505121875 0.8663464187500001 0.636875125 0.7714621968750001 0.588288503125 0.8369471203125001 0.6620757640625 0.9330281093749999 0.6661558890625 0.9320108203125
21 0.5152935890625 0.320660496875 0.5510625625000001 0.25915072031249997 0.5492304203125 0.2518024015625 0.48137885625 0.1827328234375 0.442233434375 0.2461792 0.5145807359375 0.3208382296875 0.5152935890625 0.320660496875
21 0.8687102484375 0.6031137671875 0.8650816859375 0.5885604015625 0.7943915046875001 0.5803049984374999 0.8060085421875 0.704509453125 0.878547203125 0.7114106328124999 0.8687102484375 0.6031137671875
20 0.3837700890625 0.466176353125 0.4093143421875 0.3946275359375 0.40814637343750004 0.389943071875 0.324690628125 0.3360511921875 0.29917077187499996 0.41350244375 0.38210174218750004 0.46659231874999996 0.3837700890625 0.466176353125
22 0.3797402515625 0.2900443875 0.40993792500000004 0.22274379687499998 0.40931116406249995 0.22022999687499997 0.332220578125 0.159537609375 0.300261753125 0.22831920625 0.378530153125 0.29034609843750003 0.3797402515625 0.2900443875
26 0.47077156093749994 0.169117371875 0.48294894531250004 0.0957597578125 0.48233919687500004 0.0933141890625 0.3986401796875 0.062071448437499996 0.3851510109375 0.1392374515625 0.46681211874999995 0.17010457031249998 0.47077156093749994 0.169117371875
6 0.62974135 0.6586771484375 0.6294499859375 0.6575085515625 0.5565699828125 0.642097896875 0.556315446875 0.6421613609375 0.5548239781250001 0.764258659375 0.627080084375 0.7807201328125 0.6287386125000001 0.780306615625 0.62974135 0.6586771484375
7 0.7673929953124999 0.90354890625 0.7685756453125 0.9032540390625 0.8380042515625 0.8357839046875 0.7864485640625001 0.755683378125 0.718358859375 0.8246631828125001 0.7673929953124999 0.90354890625
8 0.7982315640625 0.6832959265625 0.8016650437499999 0.6824398640625 0.7907857875000001 0.5622792046875 0.7203608265625 0.5535165953125001 0.7293246109375 0.676296028125 0.7982315640625 0.6832959265625
5 0.8022683015625001 0.4568427234375 0.834298509375 0.3617566859375 0.8340143953125001 0.360617165625 0.7710062421874999 0.3166354234375 0.7360515203125 0.412658375 0.8006255624999999 0.4572523046875 0.8022683015625001 0.4568427234375
2 0.3570403859375 0.6741325406249999 0.3997060125 0.607979778125 0.3985372375 0.6032920765625 0.32467847031249997 0.526557403125 0.28407670937499996 0.5920561453125 0.3565540515625 0.6742537984375 0.3570403859375 0.6741325406249999
17 0.21809087656249998 0.6781802031249999 0.28967275625 0.6252279140625 0.28763006875 0.61703514375 0.25109135312499997 0.5441622703125 0.1750398328125 0.6005364578125 0.2117614078125 0.6797583171875 0.21809087656249998 0.6781802031249999
12 0.718023590625 0.5606491515625 0.7153107671875001 0.549768615625 0.6441163109375 0.5436397453125 0.6514379625 0.6646328734375 0.7264824640625 0.67346288125 0.718023590625 0.5606491515625
13 0.1884647921875 0.53741610625 0.184074503125 0.4600442953125 0.18122491875 0.44861523906249995 0.0955753515625 0.4485776546875 0.09838449218749999 0.5336959218749999 0.1850900640625 0.5382575203125 0.1884647921875 0.53741610625
11 0.6126314093749999 0.2818984484375 0.6749983703125 0.2589104953125 0.6715229703125 0.244971428125 0.6395878859375 0.155405190625 0.575931646875 0.1769386796875 0.61217009375 0.2820134671875 0.6126314093749999 0.2818984484375
9 0.30052141250000003 0.3564955421875 0.30143049843749997 0.2784051828125 0.3001553640625 0.2732908984375 0.213652878125 0.2597816140625 0.2105734484375 0.342389053125 0.29416104062500004 0.3580813609375 0.30052141250000003 0.3564955421875
8 0.14499155625 0.3646771484375 0.18226141093749998 0.304222371875 0.1816213390625 0.301655184375 0.120366565625 0.23626194687500002 0.07985380625 0.2969709640625 0.1437662328125 0.36498265625 0.14499155625 0.3646771484375
11 0.20541249375 0.1581045375 0.203931278125 0.152163703125 0.14095829375 0.1466773578125 0.14011767343749998 0.1468869484375 0.1387542765625 0.2521313015625 0.2009289265625 0.2573310359375 0.2036145078125 0.2566614453125 0.20541249375 0.1581045375