5 0.256958015625 0.43175947499999995 0.29394604687500003 0.3638686015625 0.2951162703125 0.3572319328125 0.2288191859375 0.296864571875 0.1862332296875 0.3680342703125 0.2544375859375 0.43131505625 0.256958015625 0.43175947499999995
5 0.481946525 0.2635858859375 0.5422349578125 0.25147557656249997 0.5423539468749999 0.25080075 0.536150415625 0.14068008125 0.472468853125 0.1535838984375 0.4767435328125 0.2626684578125 0.481946525 0.2635858859375
5 0.3461227703125 0.38084425624999996 0.34663805625 0.380935115625 0.40322630625 0.33798265625 0.4035521359375 0.3361347875 0.363101821875 0.24519056562500002 0.30756567968750004 0.286627821875 0.3074414 0.2873326515625 0.3461227703125 0.38084425624999996
4 0.7888563609375 0.568385815625 0.8590349187499999 0.5693622515625 0.8604230203125001 0.5614899375 0.8637710640625 0.48840261875 0.7850241765625 0.48081484375 0.778390265625 0.566540359375 0.7888563609375 0.568385815625
3 0.6722560171875 0.7636041828125 0.7287783453125 0.687216546875 0.7304156765625 0.677930775 0.69348691875 0.6253740953125 0.6294334515625 0.7063076265625 0.66739815625 0.7627476109375 0.6722560171875 0.7636041828125
2 0.495999509375 0.46914912812500004 0.5204957765625 0.401758828125 0.5222796187500001 0.3916421609375 0.449647221875 0.3522782265625 0.41825641874999997 0.4283793796875 0.4929388453125 0.46860945000000004 0.495999509375 0.46914912812500004
16 0.60897239375 0.47637646250000004 0.6709327593750001 0.46639235156250003 0.6723246640625 0.45849847343750005 0.6676379765625 0.35593040625 0.60158891875 0.36763524687500004 0.604739540625 0.47563009687499996 0.60897239375 0.47637646250000004
16 0.5295213328124999 0.4687135140625 0.536564665625 0.46995544375 0.596081353125 0.4584084 0.59203954375 0.34718020781250003 0.52723169375 0.356167025 0.5295213328124999 0.4687135140625
16 0.40462361874999997 0.4650292859375 0.410065928125 0.43416441875 0.3243635421875 0.41982082812500005 0.3080930625 0.503750265625 0.394578478125 0.5206699687499999 0.40462361874999997 0.4650292859375
15 0.22277796093750002 0.5241020625 0.262177665625 0.4540552546875 0.263052925 0.449091409375 0.1955242796875 0.3880746296875 0.15306125937499998 0.45866957968750005 0.21859375 0.5233642734374999 0.22277796093750002 0.5241020625
9 0.2178205171875 0.64698305 0.2771644640625 0.6300051812499999 0.27917600625 0.618597165625 0.271850225 0.517452103125 0.204109853125 0.5363695625 0.2123513859375 0.64601869375 0.2178205171875 0.64698305
9 0.7427842046875 0.24611444218749998 0.7659619375 0.18839938750000002 0.7683655078125 0.174768065625 0.69802299375 0.1306987375 0.667722628125 0.20442959218749998 0.738649221875 0.245385334375 0.7427842046875 0.24611444218749998
26 0.61178414375 0.3594635484375 0.6520965421875 0.3032754796875 0.6530117375 0.2980851484375 0.5973722453125 0.22937338281250003 0.5535951375 0.28910380625 0.607567225 0.3587199921875 0.61178414375 0.3594635484375
24 0.3950121984375 0.30061495312500003 0.46743873437500005 0.2437582515625 0.468350328125 0.2385883453125 0.439136775 0.1707259671875 0.36268322343750004 0.23221783437500002 0.394518784375 0.30052795 0.3950121984375 0.30061495312500003
24 0.3282958484375 0.641077165625 0.4143495921875 0.6258244453125 0.4147178375 0.623736021875 0.4128148359375 0.5387409359374999 0.32568340625 0.55419398125 0.32603146562499996 0.6406778937500001 0.3282958484375 0.641077165625
24 0.4947640546875 0.7814922875 0.549789075 0.7845110921875 0.550455678125 0.7807305999999999 0.559467553125 0.6653287999999999 0.4953858390625 0.6637943843749999 0.484047659375 0.7796026984375 0.4947640546875 0.7814922875
24 0.52093795 0.6020613781249999 0.5569141671875 0.510152634375 0.5586662921875 0.5002158390625 0.5035019671875001 0.469428178125 0.4617111359375 0.5689962875 0.5133996875 0.6007321796875 0.52093795 0.6020613781249999
21 0.2478804390625 0.7903179796875001 0.2891367984375 0.724072125 0.29031485625000003 0.717391028125 0.23032239687499997 0.65136035625 0.18234581249999998 0.7233605921875 0.2429130578125 0.789442096875 0.2478804390625 0.7903179796875001
20 0.1554773171875 0.64868309375 0.20226395312499998 0.5868869890624999 0.2031725453125 0.5817341046875 0.14574168125 0.5085168703125 0.0946350640625 0.572585975 0.1520257828125 0.6480744953124999 0.1554773171875 0.64868309375
19 0.42848376562499996 0.9506781500000001 0.48837608593750004 0.8628590953125 0.48908141875 0.85885895625 0.44535931250000005 0.8033375921875001 0.381512959375 0.8948705374999999 0.42743516562500006 0.9504932531250001 0.42848376562499996 0.9506781500000001
18 0.4073584640625 0.7708401359375 0.47878320937499996 0.7732937390625 0.4847933796875 0.7392083687500001 0.49067655156249995 0.6850536734375 0.40332620468749997 0.684463359375 0.3938040765625 0.7684501328125 0.4073584640625 0.7708401359375
36 0.628961721875 0.9812680109375 0.6848799546875 0.8911862921875 0.685382846875 0.8883342515624999 0.6372628078125 0.8377342999999999 0.5800381375 0.9314795984375 0.6269289734375 0.98090958125 0.628961721875 0.9812680109375
36 0.76186844375 0.8127239578125 0.7998370390625 0.7521227703125 0.8015522546874999 0.7423953 0.745395521875 0.6739224890625 0.70147831875 0.7389261078125 0.759588484375 0.8123219390624999 0.76186844375 0.8127239578125
35 0.5485233625 0.0808410765625 0.54977639375 0.073734778125 0.48874081562500005 0.009792160937499999 0.4480638109375 0.0746843125 0.51136283125 0.1398776359375 0.5485233625 0.0808410765625
32 0.704385209375 0.594742978125 0.7173890187499999 0.5970359000000001 0.7681571890625001 0.5988592109375 0.76955245 0.5909462921874999 0.7785582875 0.4878415171875 0.7152337 0.485091596875 0.7150260953124999 0.4862689859375 0.704385209375 0.594742978125
34 0.5911807828125 0.8809965703125 0.6536247937499999 0.7985007515625 0.6541404328125 0.7955764234375 0.6137867953125 0.7364578093749999 0.547175134375 0.8207203625 0.588596446875 0.8805408828125 0.5911807828125 0.8809965703125
34 0.5871163312500001 0.6518089109375 0.6388871843749999 0.6031414453124999 0.6397880453125 0.5980324109375 0.594754809375 0.5127214390625 0.540263553125 0.5625006453125 0.5867219015625 0.6517393625000001 0.5871163312500001 0.6518089109375
29 0.295211328125 0.93987145625 0.3016957890625 0.9410148421875 0.3627292203125 0.9447988015625001 0.37591933593750004 0.825067209375 0.3086927328125 0.8217566203125 0.295211328125 0.93987145625