6 0.8354537093750001 0.43632332656250006 0.8942709656250001 0.3473515015625 0.89422608125 0.34478008125000004 0.8422318984375 0.28562936250000004 0.7831365953125 0.3738338765625 0.8332441984375001 0.43636189375 0.8354537093750001 0.43632332656250006
26 0.559304909375 0.5849154203125 0.5601766390625 0.584900203125 0.5892094703125 0.5076426625 0.589183646875 0.5061632453125 0.5130116218749999 0.45348097656249997 0.483359365625 0.5314798875 0.483360690625 0.531555771875 0.559304909375 0.5849154203125
25 0.6022650890625 0.662302446875 0.6608161984375001 0.5811753859375 0.6607534562499999 0.5775808921875 0.6111956234375 0.5180099328125001 0.5510929046874999 0.6036508953124999 0.598601109375 0.662366403125 0.6022650890625 0.662302446875
24 0.6453532015625 0.7787556921875 0.6553019234375 0.7129087375000001 0.65496765 0.693758290625 0.5684500015625 0.6715622609375 0.5589094109375 0.758083603125 0.638349140625 0.7788779484374999 0.6453532015625 0.7787556921875
23 0.5305441546874999 0.45414744687499997 0.6035974656249999 0.43663841249999996 0.603200884375 0.41391827968749995 0.5926571859374999 0.348815740625 0.50839710625 0.37196276875 0.5197804374999999 0.454335328125 0.5305441546874999 0.45414744687499997
22 0.46151008750000005 0.65382016875 0.5106372296874999 0.5722312453125 0.51049931875 0.5643303609375 0.46149654843750004 0.5137219984375 0.40935014531249997 0.6027117125 0.4578139078125 0.6538846859375 0.46151008750000005 0.65382016875
21 0.6375703765625 0.9023478453125 0.6804099234375001 0.8979363093750001 0.6799330609375 0.8706169046875001 0.6742736453125 0.78187299375 0.605802959375 0.789098659375 0.61621885625 0.9027205374999999 0.6375703765625 0.9023478453125
20 0.6543515796875 0.2410167484375 0.6796019640625001 0.1354147484375 0.679473559375 0.1280584171875 0.6158012578125 0.10323463125000001 0.5896866562499999 0.2172693640625 0.6490718859375 0.24110890624999998 0.6543515796875 0.2410167484375
19 0.54939720625 0.3413012296875 0.604191865625 0.2916330921875 0.6041699171875 0.2903757234375 0.5570540328125 0.19172393125 0.500357496875 0.2388709125 0.547295578125 0.3413379140625 0.54939720625 0.3413012296875
18 0.43221144687499996 0.519936109375 0.49443424843750006 0.44972593437499997 0.49439021875 0.44720342031250004 0.45369928281250005 0.381455 0.38897030625 0.45555129218749996 0.43017539375 0.5199716484375 0.43221144687499996 0.519936109375
17 0.24658784687500002 0.45129023281249997 0.30736232812500003 0.38635765 0.307266875 0.3808891203125 0.2670190875 0.3144271046875 0.203255021875 0.3849836109375 0.24251746562499998 0.45136128124999997 0.24658784687500002 0.45129023281249997
16 0.528972084375 0.9386236718750001 0.5836993359375 0.9082008874999999 0.5834960062500001 0.896552140625 0.553761521875 0.799558071875 0.49302532968749996 0.8324630531249999 0.5281399515625 0.9386381968749999 0.528972084375 0.9386236718750001
15 0.22952482343749997 0.6078618703124999 0.302676859375 0.5655733015625 0.3025958203125 0.5609306296875001 0.2818269671875 0.48413989218750003 0.204239271875 0.527522296875 0.22706884062500002 0.607904740625 0.22952482343749997 0.6078618703124999
14 0.22444057968750003 0.2969657515625 0.2870300609375 0.2958732484375 0.2862079984375 0.24877731406249998 0.2839164265625 0.1840419328125 0.22105568125000002 0.186900834375 0.2212352515625 0.1971883921875 0.22444057968750003 0.2969657515625
13 0.3545360390625 0.2525010015625 0.40821845156250003 0.1659446140625 0.40816860468750005 0.1630889578125 0.3579285765625 0.10979549687500001 0.30475104375 0.19650755312499998 0.3530427234375 0.2525270671875 0.3545360390625 0.2525010015625
12 0.4165077390625 0.9718415046875 0.4936183265625 0.9401570046875 0.4935398421875 0.9356606125000001 0.47489947031249996 0.8578533500000001 0.3945469046875 0.893996790625 0.4153241515625 0.9718621640625 0.4165077390625 0.9718415046875
11 0.6118804109375 0.1054051703125 0.6117990234375 0.10074249531249999 0.5416689890625 0.0288885234375 0.5414420078125 0.0288924859375 0.5017838875 0.0992329546875 0.57068545 0.17371667500000001 0.5709657406249999 0.17371178125 0.6118804109375 0.1054051703125
10 0.3236411828125 0.39837490781249996 0.376035778125 0.38137213124999997 0.375824675 0.369278075 0.35638679375 0.2676140453125 0.2939572546875 0.2886376765625 0.3150236359375 0.39852532812499997 0.3236411828125 0.39837490781249996
9 0.54023896875 0.8009060625 0.560183634375 0.7248669078125001 0.560147784375 0.7228130015625001 0.4756266390625 0.685302428125 0.45840973125 0.7663010359375 0.53228633125 0.8010448765625 0.54023896875 0.8009060625
6 0.42566731874999997 0.7638374671875 0.47656431875000005 0.6793671453125001 0.47654303125 0.6781476078125 0.4268830203125 0.622724184375 0.374608703125 0.712481346875 0.42172866875 0.7639062171875 0.42566731874999997 0.7638374671875
5 0.3241900625 0.535886271875 0.3652312453125 0.47861450781250003 0.3651407875 0.4734321921875 0.3071045703125 0.393098228125 0.2608079359375 0.45203344999999995 0.3233075078125 0.5359016765625 0.3241900625 0.535886271875
4 0.25353010781249996 0.6871424953124999 0.3277333234375 0.6581192328125 0.327605575 0.6508004781250001 0.3097283234375 0.5776077953125001 0.229390678125 0.6114435484375 0.2480751140625 0.6872377125 0.25353010781249996 0.6871424953124999
3 0.373179065625 0.754886384375 0.372756565625 0.7306814359375 0.3641366953125 0.6680217328125 0.36103010625 0.6680759578125001 0.2812736 0.6884591 0.2940093953125 0.77394925625 0.29720515625 0.7738934734375 0.373179065625 0.754886384375
2 0.49897234218750003 0.0830087046875 0.49892818125 0.0804787234375 0.42547198125 0.0162656453125 0.3902853421875 0.0885836640625 0.4599203171875 0.1567881375 0.49897234218750003 0.0830087046875
1 0.48114715625000004 0.28154575625 0.5121402453125 0.2106930203125 0.5119891125 0.202034578125 0.43856956875 0.142448271875 0.405572746875 0.2189132203125 0.477272021875 0.281613396875 0.48114715625000004 0.28154575625
0 0.4238511625 0.4075649015625 0.47247463749999996 0.3555402390625 0.4723809015625 0.350170125 0.42106123437500004 0.2623486671875 0.3695059328125 0.31626343437500004 0.42263421562500003 0.40758614375 0.4238511625 0.4075649015625
7 0.721278684375 0.7680539796875 0.7514554718750001 0.6707314125 0.75128430625 0.660925334375 0.6912543359375001 0.6287279125 0.6571522734374999 0.7348466796875 0.7177178453125 0.768116134375 0.721278684375 0.7680539796875
7 0.543153928125 0.713341853125 0.582273984375 0.6474841359375 0.58216535 0.6412604640625 0.5147857578125 0.5711288796875 0.473832625 0.63880615 0.5414894640625 0.71337090625 0.543153928125 0.713341853125
8 0.71383161875 0.546275171875 0.7224616937499999 0.442146196875 0.7222473828125 0.42986830468750004 0.6541546312500001 0.42027469375 0.6447559375 0.538579521875 0.6971633328125 0.5465661171875 0.71383161875 0.546275171875
8 0.33880278124999996 0.6637757234375 0.413261115625 0.633897090625 0.41322108750000003 0.6316038765624999 0.3957707046875 0.5514145125 0.31254750468750003 0.5833669875 0.33118596875 0.663908675 0.33880278124999996 0.6637757234375