6 0.8414147515625 0.49554164375000004 0.9147882375 0.4181350109375 0.9151905578124999 0.4155948609375 0.8742576968750001 0.3483140796875 0.8007436312499999 0.42491677812499995 0.8392321109375 0.49519594843750003 0.8414147515625 0.49554164375000004
26 0.5436585265625 0.593923553125 0.5445196546875 0.5940599421874999 0.5865270437500001 0.5230176156249999 0.586758509375 0.5215561906249999 0.520891890625 0.4564471484375 0.4781457484375 0.5281120203125 0.47813387656249995 0.5281869828125 0.5436585265625 0.593923553125
25 0.572527928125 0.6775948546875 0.64427708125 0.6078675890625 0.6448394703125 0.604316809375 0.6063789203125001 0.5370452375 0.5323179 0.6109483953125 0.5689085078125 0.6770215953125 0.572527928125 0.6775948546875
24 0.5947395421875 0.7997610859375001 0.6159713234375 0.736642071875 0.6189675703125 0.7177245171875 0.5376186171875 0.6808420625 0.5131986984375 0.7643922453124999 0.5878206593749999 0.7986652421875 0.5947395421875 0.7997610859375001
23 0.5380423328124999 0.46014798749999997 0.6130262125 0.455590528125 0.6165809656250001 0.4331467 0.6175023859375 0.3672023203125 0.5305029671875 0.375366084375 0.5274095140624999 0.4584639140625 0.5380423328124999 0.46014798749999997
22 0.43538424375 0.6447995921875 0.49793280156249997 0.572981025 0.4991689609375 0.5651762265625 0.45969870312500005 0.5068274765624999 0.39289161875 0.5854101093749999 0.4317330140625 0.64422129375 0.43538424375 0.6447995921875
21 0.565613403125 0.9201241234375 0.6085681765625 0.9232186171875 0.6128425234375 0.8962314499999999 0.6226793046875 0.8078530109375001 0.5539941203125001 0.8030790921875001 0.5445215421875 0.9167835 0.565613403125 0.9201241234375
20 0.6969786015625 0.2717541578125 0.740182971875 0.1721411703125 0.74133393125 0.1648743015625 0.6829395593750001 0.1293710671875 0.6374197734375 0.23713860156250002 0.6917631156249999 0.2709281046875 0.6969786015625 0.2717541578125
19 0.5762045031249999 0.3522899546875 0.638791490625 0.31289138125 0.638988215625 0.311649303125 0.60971883125 0.20631466718749997 0.54569665625 0.24290012968750002 0.574128434375 0.3519611375 0.5762045031249999 0.3522899546875
18 0.42977943906249993 0.5078618765625 0.5032488046875 0.449523228125 0.5036434734374999 0.447031390625 0.47498781718750005 0.3752159296875 0.3983755328125 0.4369464640625 0.4277681453125 0.50754331875 0.42977943906249993 0.5078618765625
17 0.258896109375 0.4080256859375 0.3300227140625 0.3546329515625 0.33087831093750003 0.3492309265625 0.3027829859375 0.27678966250000003 0.22773563125 0.33520174375 0.254875228125 0.407388840625 0.258896109375 0.4080256859375
16 0.45236573125 0.9369909421875 0.5115444140625 0.9165336359375 0.5133669578125 0.9050265515625 0.50092705 0.8043427015625 0.4353996859375 0.826201053125 0.45154371875 0.9368607484375 0.45236573125 0.9369909421875
15 0.21490393124999999 0.559255684375 0.29428795625 0.530312290625 0.295014340625 0.52572608125 0.2878955859375 0.44649549374999997 0.20395334531249998 0.475745859375 0.2124778171875 0.5588714265625 0.21490393124999999 0.559255684375
14 0.2638834734375 0.2521999078125 0.325711790625 0.26199255 0.33308034062499997 0.21546936093750002 0.34206476406249997 0.1513195265625 0.279662571875 0.14321934218750001 0.27805299843750003 0.153381790625 0.2638834734375 0.2521999078125
13 0.39972371406249996 0.231001515625 0.467620928125 0.1550819671875 0.46806771875 0.1522610390625 0.42784526093749997 0.0910531359375 0.360418225 0.167213659375 0.398248559375 0.2307678734375 0.39972371406249996 0.231001515625
12 0.33584175625 0.9501748937500001 0.41728281718750004 0.9323618640625 0.417986315625 0.9279201546875001 0.413140221875 0.8480580921875 0.3277321484375 0.8696993562499999 0.3346725625 0.9499897109375001 0.33584175625 0.9501748937500001
11 0.67870136875 0.13082778125 0.6794308828125 0.126221809375 0.62284359375 0.043281509375 0.622619371875 0.043245996875 0.571349253125 0.105631275 0.626270084375 0.1909480515625 0.626546965625 0.1909919046875 0.67870136875 0.13082778125
10 0.34396748125 0.369294434375 0.3985185859375 0.36164819375 0.40041080156250003 0.349701215625 0.3989219984375 0.2462063375 0.3337901890625 0.2560697984375 0.335454734375 0.367946146875 0.34396748125 0.369294434375
9 0.4873758578125 0.8033220468750001 0.5202215812500001 0.731901453125 0.5205429328125 0.7298725234375001 0.44381949687500005 0.678254878125 0.4127988921875 0.75503325 0.479519934375 0.8020777906250001 0.4873758578125 0.8033220468750001
6 0.380981703125 0.7469214484375 0.44577358125 0.6725725921875 0.4459643890625 0.6713678843750001 0.406683 0.608163096875 0.33961668125 0.6874793078125 0.3770909515625 0.7463052140624999 0.380981703125 0.7469214484375
5 0.320629425 0.504812003125 0.3709922375 0.45553705312500004 0.3718030546875 0.45041775937499995 0.3285983828125 0.361226365625 0.27277110625 0.41122690312500004 0.319757603125 0.5046739203125 0.320629425 0.504812003125
4 0.2247775859375 0.6415003328125 0.302893325 0.625803253125 0.3040384046875 0.6185735015625 0.299142525 0.543388428125 0.21414987187499998 0.5627596546875 0.21938893125 0.640646853125 0.2247775859375 0.6415003328125
3 0.3308452046875 0.7289918625 0.33463226874999996 0.7050812765625001 0.337024096875 0.6418766890625001 0.3339552875 0.6413906375 0.251870965625 0.6476145421874999 0.24956806718750002 0.7340174578124999 0.2527249625 0.7345174609375 0.3308452046875 0.7289918625
2 0.5713977328125 0.0891652890625 0.57179356875 0.086666075 0.51060381875 0.0106730015625 0.4633938515625 0.075782253125 0.52012733125 0.1550425328125 0.5713977328125 0.0891652890625
1 0.5193677546875 0.28159080468750003 0.5621934375000001 0.21719637500000002 0.5635481234374999 0.2086432296875 0.5015910406249999 0.1372130046875 0.455817515625 0.2067864390625 0.515539746875 0.2809845078125 0.5193677546875 0.28159080468750003
0 0.4410592203125 0.3957460921875 0.49797798281250005 0.3529551796875 0.49881818281249996 0.34765037187500003 0.4635282125 0.2522515515625 0.40339395156249996 0.2963947484375 0.4398570734375 0.395555690625 0.4410592203125 0.3957460921875
7 0.6713698781249999 0.8024062781250001 0.7179881 0.711802403125 0.7195223421875 0.702115578125 0.6659953859375001 0.6599832125 0.6139840796875 0.7585680375 0.66785234375 0.80184915625 0.6713698781249999 0.8024062781250001
7 0.5054518984375 0.7175943124999999 0.55541370625 0.6595302484375 0.55638745 0.6533822640625 0.502209728125 0.5726157921875 0.45012673124999997 0.6321534546875001 0.5038076765625 0.7173338921875 0.5054518984375 0.7175943124999999
8 0.7025474359375 0.58270361875 0.7291282078125 0.48165519375 0.7310491859375 0.469526615625 0.6656568296875001 0.448254571875 0.6358575046875 0.5631300171875 0.6860818562500001 0.5800957265625 0.7025474359375 0.58270361875
8 0.3128123734375 0.6332959984375 0.3913278890625 0.61680084375 0.39168668125 0.6145355171875 0.3884261453125 0.5325341828125 0.30091880312499997 0.549549671875 0.305288190625 0.6321042859375 0.3128123734375 0.6332959984375