33 0.680590909375 0.4331909546875 0.680469696875 0.42971991249999997 0.620012825 0.345717628125 0.6197724140624999 0.34572602343750003 0.5686028375000001 0.404294665625 0.6303101718749999 0.49075911093749996 0.631668728125 0.49071166875000005 0.680590909375 0.4331909546875
36 0.561973346875 0.394284865625 0.5617787390625 0.38871201875 0.5081089390625 0.3058487296875 0.5079159625 0.30585546875 0.458079234375 0.3599037328125 0.5132240375 0.4479442765625 0.51344678125 0.44793649843749994 0.561973346875 0.394284865625
35 0.48687675781250006 0.547361846875 0.50085699375 0.434998240625 0.5007499125 0.43193185781250004 0.434633253125 0.4178562265625 0.43318040625 0.4179069609375 0.4183141234375 0.5337077875 0.4183158171875 0.533756265625 0.48458314687500004 0.547441940625 0.48687675781250006 0.547361846875
31 0.2779331234375 0.767006746875 0.277736496875 0.761376103125 0.22322686875 0.7043743703125 0.164057159375 0.80677706875 0.22062766093750003 0.86607936875 0.2779331234375 0.767006746875
37 0.48296814843749997 0.700716675 0.4884903625 0.6181212796875 0.4881555234375 0.6085327546875 0.3976087890625 0.595076690625 0.38949549375000003 0.6884500703125 0.46950039062500004 0.701186978125 0.48296814843749997 0.700716675
32 0.5760597859375001 0.6036586984375 0.6144347156250001 0.508667896875 0.61420960625 0.5022216187499999 0.5571023515625 0.4567600359375 0.5125817921875 0.5583832296875 0.57266276875 0.603777325 0.5760597859375001 0.6036586984375
34 0.66111136875 0.846150659375 0.68300345625 0.726134384375 0.682974709375 0.7253111718749999 0.6147542578125 0.6983057374999999 0.5900021015625 0.8184101781249999 0.6563845374999999 0.846315725 0.66111136875 0.846150659375
34 0.459615559375 0.920415503125 0.502618315625 0.8436072875 0.5024902515624999 0.8399399765625001 0.4287327890625 0.763137025 0.3842249140625 0.840959459375 0.45816707343749996 0.920466084375 0.459615559375 0.920415503125
25 0.5727048828125 0.9571160984375 0.629845525 0.9052043046874999 0.6297373765625001 0.902107346875 0.5774439109375 0.7939880359375 0.5163039406250001 0.8479402296874999 0.5685024140625 0.957262853125 0.5727048828125 0.9571160984375
21 0.552246165625 0.3277592109375 0.6000221031249999 0.2750303578125 0.5997578 0.26746169375 0.547749328125 0.18579431875000002 0.49626808437500003 0.23971545 0.5515119390625001 0.32778485 0.552246165625 0.3277592109375
21 0.8392144874999999 0.6775196546875 0.8386910328124999 0.6625298953125001 0.7712619953125001 0.6397575765625 0.7568016140625 0.7636631828125 0.8263202953125001 0.7854951921875 0.8392144874999999 0.6775196546875
20 0.39334232343750003 0.4427499234375 0.4332042078125 0.37807556875000004 0.43303571874999996 0.3732506375 0.3626084328125 0.3031849984375 0.321543225 0.373637878125 0.39162394843750004 0.44280993124999996 0.39334232343750003 0.4427499234375
22 0.42602044218749996 0.2696290140625 0.469550803125 0.21007755156250002 0.4694603875 0.2074883734375 0.4066730734375 0.132094225 0.3611121265625 0.19272816718750002 0.4247740578125 0.26967253750000003 0.42602044218749996 0.2696290140625
26 0.5402046390625 0.170271015625 0.5673678234375 0.10104826250000001 0.5672798625000001 0.0985293625 0.49190560000000005 0.0505673453125 0.4626674890625 0.12324253125 0.5361264703125 0.1704134296875 0.5402046390625 0.170271015625
6 0.5939153546875 0.682184415625 0.5938733234375 0.680980778125 0.5257899796875 0.650754278125 0.5255278109375 0.6507634328125 0.49868347812499997 0.7698825203124999 0.56593808125 0.801007159375 0.5676463421875 0.80094750625 0.5939153546875 0.682184415625
7 0.67764728125 0.9503245250000001 0.67886539375 0.9502819875 0.7608046484375001 0.89872125625 0.7270294109375001 0.8096520875 0.6460859234375 0.862967871875 0.67764728125 0.9503245250000001
8 0.7536051234375 0.7412963 0.7571415578125 0.7411728046875 0.7714828453125 0.6213760203125 0.7044186890625 0.598162721875 0.6876593125 0.720122803125 0.7536051234375 0.7412963
5 0.804635915625 0.520630928125 0.8557356859375 0.434282203125 0.8556946999999999 0.43310851250000004 0.8032077453124999 0.3769877453125 0.7490525734375 0.46364486875 0.8029439171874999 0.5206900140624999 0.804635915625 0.520630928125
2 0.32396020625 0.640604353125 0.37944741875 0.58476786875 0.3792788125 0.5799396031249999 0.322988071875 0.4895256640625 0.2696556015625 0.545151521875 0.3234592875 0.6406218453125 0.32396020625 0.640604353125
17 0.18720552031249998 0.6156743359375 0.26823256406249996 0.5787618906249999 0.26793788749999997 0.5703234546875 0.2473487515625 0.4914462015625 0.1612382875 0.5307764765625 0.1806862578125 0.61590199375 0.18720552031249998 0.6156743359375
12 0.700649584375 0.604653475 0.700258234375 0.5934466781250001 0.6318938109375 0.572649578125 0.61389958125 0.6925209734375 0.68546831875 0.7167606531249999 0.700649584375 0.604653475
13 0.1874933375 0.4718266625 0.199285490625 0.39523281875 0.1988744125 0.383461053125 0.11510430625000001 0.36561674375000003 0.100154978125 0.449459025 0.184017415625 0.47194804531249995 0.1874933375 0.4718266625
11 0.6555160046874999 0.3100818765625 0.7212995624999999 0.3005630875 0.720798203125 0.28620604374999997 0.7081828453125001 0.1919573671875 0.6414405828125 0.19978542187499998 0.6550408562500001 0.31009846875 0.6555160046874999 0.3100818765625
9 0.33471675312500004 0.31815752812500003 0.351841871875 0.241962640625 0.351657921875 0.23669500000000002 0.2698544609375 0.205496046875 0.249667271875 0.28565806718750003 0.3281656609375 0.3183862984375 0.33471675312500004 0.31815752812500003
8 0.1808845453125 0.29382387187500003 0.22990921874999998 0.24243901562499998 0.2298168828125 0.23979485 0.1834966921875 0.163095028125 0.13124711875 0.2140543296875 0.1796224796875 0.29386794374999997 0.1808845453125 0.29382387187500003
11 0.28293400156250004 0.1043275875 0.28272032187499996 0.0982086125 0.22226412343750002 0.07974933749999999 0.22139829687499998 0.079779571875 0.1981831625 0.18244061875 0.2579180625 0.2004535625 0.2606841734375 0.20035696718749998 0.28293400156250004 0.1043275875