14 0.49765625 0.09765625 0.1328125 0.1703125
6 0.63515625 0.23671875 0.1296875 0.16875
26 0.871875 0.346875 0.1296875 0.16875
22 0.4828125 0.44453125 0.1265625 0.16875
20 0.296875 0.48515625 0.1265625 0.1640625
11 0.20546875 0.1671875 0.1296875 0.1609375
16 0.70078125 0.06796875 0.1296875 0.1359375
9 0.034375 0.21484375 0.06875 0.1578125
12 0.30078125 0.1453125 0.1296875 0.165625
10 0.1015625 0.19296875 0.128125 0.15625
36 0.5140625 0.584375 0.1171875 0.146875
15 0.60078125 0.0796875 0.1328125 0.159375
33 0.25546875 0.64765625 0.1140625 0.1421875
23 0.578125 0.41875 0.1265625 0.1640625
21 0.3921875 0.4640625 0.128125 0.165625
8 0.83046875 0.1828125 0.1265625 0.16875
31 0.33828125 0.628125 0.115625 0.14375
24 0.6765625 0.39375 0.1265625 0.1640625
3 0.346875 0.29921875 0.1265625 0.1609375
25 0.775 0.3671875 0.1203125 0.1578125
17 0.796875 0.05234375 0.125 0.1046875
35 0.425 0.60703125 0.11875 0.1453125
1 0.14921875 0.35078125 0.1171875 0.15625
7 0.73671875 0.20703125 0.13125 0.1671875
19 0.196875 0.51015625 0.125 0.1609375
18 0.10078125 0.53046875 0.125 0.153125
34 0.60078125 0.5609375 0.1140625 0.146875
13 0.40625 0.12109375 0.13125 0.165625
0 0.05703125 0.37265625 0.1140625 0.1484375
2 0.2515625 0.32578125 0.1234375 0.15625
4 0.44140625 0.28203125 0.1328125 0.16875
5 0.5390625 0.25859375 0.1296875 0.175
37 0.68671875 0.53984375 0.1125 0.146875
32 0.7765625 0.525 0.11875 0.14375