14 0.5046875 0.09765625 0.13125 0.16875
6 0.63984375 0.2390625 0.1265625 0.1671875
26 0.87421875 0.353125 0.1265625 0.1671875
22 0.48359375 0.44453125 0.125 0.1671875
20 0.296875 0.48203125 0.1234375 0.1625
11 0.2109375 0.16171875 0.128125 0.1609375
16 0.7078125 0.06953125 0.128125 0.1390625
9 0.03671875 0.20625 0.0734375 0.15625
12 0.30703125 0.1421875 0.128125 0.1640625
10 0.10703125 0.1859375 0.125 0.15625
36 0.5125 0.584375 0.115625 0.146875
15 0.60703125 0.08046875 0.1296875 0.1609375
33 0.253125 0.64375 0.1125 0.1421875
23 0.5796875 0.4203125 0.1234375 0.1625
21 0.39296875 0.4625 0.1265625 0.1640625
8 0.8359375 0.18828125 0.125 0.1671875
31 0.33671875 0.625 0.1140625 0.1421875
24 0.678125 0.396875 0.1234375 0.1625
3 0.35 0.29609375 0.1234375 0.159375
25 0.77734375 0.371875 0.11875 0.15625
17 0.80546875 0.0546875 0.1234375 0.109375
35 0.4234375 0.60625 0.1171875 0.1453125
1 0.15234375 0.34453125 0.115625 0.15625
7 0.7421875 0.2109375 0.1296875 0.1671875
19 0.196875 0.50546875 0.1234375 0.159375
18 0.10078125 0.5234375 0.1234375 0.153125
34 0.59921875 0.5625 0.1125 0.1453125
13 0.4125 0.11953125 0.128125 0.165625
0 0.05703125 0.3640625 0.1140625 0.146875
2 0.2546875 0.321875 0.1203125 0.1546875
4 0.4453125 0.28125 0.13125 0.1671875
5 0.54296875 0.259375 0.128125 0.1734375
37 0.6859375 0.54296875 0.1109375 0.1453125
32 0.7765625 0.5296875 0.1171875 0.1421875