26 0.85546875 0.6703125 0.0703125 0.1109375
26 0.79375 0.66015625 0.071875 0.1109375
26 0.7328125 0.6515625 0.0734375 0.109375
25 0.67265625 0.640625 0.075 0.1109375
24 0.6109375 0.6296875 0.075 0.1109375
23 0.55078125 0.61953125 0.075 0.1109375
25 0.4890625 0.61015625 0.075 0.1109375
24 0.42734375 0.60078125 0.078125 0.1125
23 0.365625 0.5921875 0.0765625 0.115625
23 0.303125 0.58203125 0.078125 0.1140625
22 0.23984375 0.571875 0.08125 0.1171875
21 0.1765625 0.56171875 0.08125 0.1171875
21 0.11328125 0.55 0.0796875 0.115625
21 0.0484375 0.53828125 0.0734375 0.1140625