30 0.27265625 0.55 0.0609375 0.09375
38 0.4828125 0.51171875 0.0546875 0.0859375
35 0.8328125 0.44921875 0.0515625 0.0828125
31 0.784375 0.4578125 0.053125 0.084375
0 0.73515625 0.46484375 0.0515625 0.0859375
4 0.68515625 0.47265625 0.0578125 0.0890625
4 0.634375 0.48046875 0.05625 0.0828125
5 0.58359375 0.49140625 0.0515625 0.084375
7 0.534375 0.50234375 0.0546875 0.0859375
1 0.43046875 0.5203125 0.05 0.084375
1 0.37734375 0.5296875 0.0578125 0.0875
1 0.32578125 0.540625 0.05625 0.09375
5 0.215625 0.559375 0.0640625 0.0921875
6 0.15703125 0.56875 0.0609375 0.09375
7 0.09765625 0.578125 0.0578125 0.0875
29 0.8952036671875 0.005821740625 0.8530157046875001 0.040805825000000004 0.8813066468749999 0.08141125 0.9193959390625001 0.053115800000000005 0.9178576156249999 0.0443915265625 0.8952036671875 0.005821740625