16 0.89765625 0.5625 0.0734375 0.1109375
16 0.83671875 0.55 0.0765625 0.1109375
16 0.775 0.5375 0.0765625 0.109375
34 0.71484375 0.5265625 0.075 0.1140625
34 0.65234375 0.51328125 0.0765625 0.109375
17 0.59140625 0.50078125 0.078125 0.109375
17 0.53046875 0.4890625 0.08125 0.1109375
17 0.46953125 0.47734375 0.078125 0.1140625
31 0.40703125 0.4640625 0.08125 0.1140625
31 0.34375 0.45234375 0.078125 0.115625
31 0.28203125 0.4390625 0.0796875 0.1140625
0 0.215625 0.4234375 0.08125 0.1140625
0 0.1515625 0.4109375 0.075 0.1140625
0 0.0875 0.396875 0.078125 0.1171875