28 0.125 0.5328125 0.0484375 0.0875
29 0.175 0.528125 0.0484375 0.0859375
30 0.2265625 0.5265625 0.0484375 0.0859375
3 0.2765625 0.5265625 0.0421875 0.0796875
4 0.328125 0.5234375 0.046875 0.0859375
5 0.37890625 0.521875 0.046875 0.08125
0 0.4296875 0.51796875 0.0453125 0.0765625
1 0.4796875 0.51796875 0.0453125 0.0828125
1 0.5796875 0.51484375 0.0453125 0.0796875
2 0.53125 0.51640625 0.0453125 0.0796875
2 0.63203125 0.509375 0.046875 0.0796875
3 0.6875 0.509375 0.04375 0.0765625
3 0.7328125 0.5078125 0.0421875 0.0765625
4 0.78828125 0.50625 0.05 0.075
5 0.83671875 0.50390625 0.0484375 0.0796875
7 0.8921875 0.50625 0.0484375 0.08125
7 0.94765625 0.50390625 0.05 0.08125