26 0.89375 0.6078125 0.05625 0.10390625
25 0.83203125 0.60625 0.05703125 0.103125
24 0.76953125 0.60703125 0.05859375 0.103125
23 0.70703125 0.60703125 0.0609375 0.103125
23 0.64296875 0.60625 0.06015625 0.10703125
22 0.57890625 0.60546875 0.06171875 0.10703125
21 0.51484375 0.60390625 0.06171875 0.109375
20 0.45 0.6046875 0.06328125 0.10859375
20 0.38515625 0.6046875 0.06484375 0.109375
20 0.31875 0.6046875 0.0640625 0.1109375
20 0.2515625 0.60625 0.0671875 0.1125
18 0.18359375 0.6046875 0.06640625 0.1109375
18 0.1171875 0.60390625 0.0671875 0.1109375
18 0.04921875 0.603125 0.0671875 0.11015625