27 0.0578125 0.57578125 0.059375 0.0703125
28 0.11328125 0.565625 0.059375 0.075
6 0.165625 0.55390625 0.059375 0.06875
6 0.221875 0.5421875 0.0625 0.0703125
6 0.27734375 0.53203125 0.0625 0.071875
0 0.3359375 0.5203125 0.059375 0.0703125
0 0.390625 0.50859375 0.0609375 0.0734375
0 0.4484375 0.49921875 0.0640625 0.0796875
16 0.503125 0.48671875 0.05625 0.0671875
16 0.55859375 0.4734375 0.05625 0.0734375
16 0.615625 0.46328125 0.0609375 0.075
18 0.67421875 0.4484375 0.065625 0.075
18 0.734375 0.4359375 0.0671875 0.075
25 0.79375 0.4234375 0.065625 0.075
25 0.85390625 0.409375 0.0671875 0.075
25 0.9171875 0.3953125 0.0640625 0.071875