34 0.88203125 0.47265625 0.0546875 0.096875
34 0.82421875 0.475 0.0546875 0.0984375
32 0.76640625 0.47734375 0.0578125 0.1
32 0.70859375 0.47890625 0.0609375 0.1
32 0.64921875 0.48125 0.0609375 0.1
37 0.58984375 0.484375 0.0578125 0.103125
37 0.53203125 0.4875 0.0609375 0.1
37 0.47265625 0.490625 0.0609375 0.103125
25 0.41328125 0.49375 0.0609375 0.1
25 0.35234375 0.49609375 0.0609375 0.1015625
25 0.28984375 0.496875 0.0609375 0.096875
16 0.22890625 0.5015625 0.0625 0.103125
16 0.16640625 0.50234375 0.05625 0.1046875
16 0.10546875 0.50625 0.059375 0.10625