38 0.0546875 0.6765625 0.0453125 0.084375
41 0.1140625 0.671875 0.0515625 0.0890625
39 0.1671875 0.6703125 0.0484375 0.0859375
3 0.22421875 0.6671875 0.0484375 0.0828125
3 0.27734375 0.6625 0.040625 0.0796875
3 0.33125 0.6609375 0.0484375 0.08125
30 0.38046875 0.65703125 0.04375 0.0828125
35 0.4375 0.65625 0.04375 0.071875
35 0.49140625 0.64921875 0.0421875 0.0828125
35 0.53984375 0.64375 0.0421875 0.075
7 0.59453125 0.64453125 0.0484375 0.0828125
6 0.6453125 0.63984375 0.04375 0.08125
5 0.6984375 0.6390625 0.046875 0.0828125
5 0.75078125 0.63671875 0.0515625 0.084375
4 0.803125 0.63359375 0.0484375 0.0796875
2 0.85234375 0.6234375 0.0421875 0.0765625
1 0.903125 0.62421875 0.040625 0.0765625