30 0.89296875 0.80625 0.0671875 0.096875
29 0.8390625 0.79765625 0.0671875 0.0953125
40 0.7859375 0.7859375 0.0671875 0.096875
7 0.73125 0.771875 0.0671875 0.096875
7 0.678125 0.7625 0.0671875 0.0984375
7 0.62578125 0.75078125 0.0671875 0.0953125
5 0.57265625 0.73984375 0.065625 0.0953125
5 0.52109375 0.73046875 0.0640625 0.0953125
5 0.46953125 0.71953125 0.0671875 0.09375
5 0.41796875 0.7078125 0.065625 0.096875
8 0.3671875 0.6953125 0.065625 0.0953125
8 0.31484375 0.68515625 0.0671875 0.0953125
33 0.26484375 0.67578125 0.0671875 0.0984375
33 0.21328125 0.66640625 0.065625 0.096875
33 0.1625 0.65625 0.065625 0.0953125
37 0.1125 0.64375 0.065625 0.09375
37 0.0609375 0.6359375 0.065625 0.0953125
37 0.01875 0.62421875 0.0375 0.0921875