41 0.1015625 0.5265625 0.0578125 0.0734375
30 0.14296875 0.515625 0.053125 0.071875
21 0.184375 0.503125 0.0546875 0.065625
21 0.22734375 0.49296875 0.053125 0.075
21 0.27109375 0.48125 0.05625 0.078125
4 0.3171875 0.46875 0.0609375 0.0828125
4 0.36328125 0.4546875 0.0640625 0.0828125
4 0.41328125 0.44140625 0.0609375 0.078125
26 0.46484375 0.428125 0.06875 0.0859375
26 0.51796875 0.41328125 0.0703125 0.084375
2 0.571875 0.40078125 0.0640625 0.0828125
2 0.63125 0.3859375 0.071875 0.0921875
2 0.69453125 0.36875 0.075 0.09375
17 0.7546875 0.353125 0.075 0.09375
17 0.821875 0.33359375 0.078125 0.096875
17 0.8890625 0.31796875 0.0828125 0.1