16 0.8765625 0.58515625 0.05625 0.0984375
16 0.81875 0.5875 0.059375 0.1015625
16 0.75859375 0.58984375 0.0578125 0.1015625
15 0.69921875 0.5921875 0.0609375 0.1
15 0.63984375 0.59453125 0.0609375 0.103125
15 0.5796875 0.59609375 0.0625 0.1015625
14 0.5203125 0.59609375 0.059375 0.1015625
14 0.4609375 0.59921875 0.0625 0.103125
12 0.40078125 0.6 0.0625 0.103125
12 0.34140625 0.60234375 0.0625 0.103125
12 0.28125 0.6046875 0.0640625 0.1078125
10 0.21953125 0.60625 0.065625 0.103125
10 0.15859375 0.6078125 0.065625 0.1046875
10 0.09765625 0.609375 0.059375 0.1078125