11 0.9171875 0.60859375 0.065625 0.0703125
13 0.85390625 0.59609375 0.0796875 0.075
16 0.78828125 0.584375 0.06875 0.06875
9 0.72734375 0.5765625 0.0703125 0.0703125
12 0.6640625 0.55703125 0.075 0.0828125
15 0.59921875 0.54453125 0.06875 0.075
11 0.53671875 0.53671875 0.065625 0.0734375
16 0.47109375 0.52109375 0.0609375 0.0734375
17 0.40546875 0.50625 0.059375 0.071875
15 0.3390625 0.496875 0.0609375 0.0765625
14 0.27421875 0.4828125 0.0625 0.0796875
14 0.20859375 0.471875 0.0671875 0.08125
17 0.13984375 0.45703125 0.0671875 0.08125
16 0.07734375 0.446875 0.0671875 0.075