37 0.87109375 0.54296875 0.065625 0.075
37 0.8140625 0.54296875 0.0546875 0.0703125
37 0.7546875 0.53828125 0.0609375 0.0796875
8 0.6984375 0.5375 0.0609375 0.0796875
8 0.64140625 0.5359375 0.059375 0.0765625
5 0.5859375 0.53984375 0.059375 0.0796875
4 0.52734375 0.534375 0.0578125 0.0796875
3 0.46953125 0.53515625 0.0546875 0.0828125
3 0.4109375 0.53046875 0.0625 0.08125
2 0.35 0.525 0.05625 0.0765625
1 0.29140625 0.525 0.05 0.078125
2 0.2296875 0.521875 0.05 0.08125
1 0.1703125 0.5234375 0.053125 0.0828125
0 0.109375 0.51796875 0.05625 0.078125