1 0.090625 0.6921875 0.0625 0.10625
1 0.15390625 0.68515625 0.065625 0.1109375
1 0.21796875 0.67265625 0.0609375 0.103125
7 0.2828125 0.66484375 0.0640625 0.1046875
7 0.3453125 0.65390625 0.0625 0.103125
7 0.409375 0.64453125 0.0609375 0.103125
30 0.47265625 0.6375 0.065625 0.10625
7 0.53671875 0.6265625 0.0625 0.1015625
5 0.59921875 0.6203125 0.0625 0.1046875
6 0.6609375 0.60703125 0.0609375 0.096875
4 0.7234375 0.6015625 0.0671875 0.1
3 0.7828125 0.58984375 0.0640625 0.1015625
33 0.84765625 0.58046875 0.059375 0.0984375
33 0.90625 0.5703125 0.05625 0.090625
31 0.5003035625 0.1615023953125 0.5046613046874999 0.16096733125 0.5403334328125 0.11073315624999999 0.4808401078125 0.042638503125 0.446057446875 0.094789628125 0.5003035625 0.1615023953125
35 0.6578393734375 0.067470078125 0.6566371515625 0.05767876875 0.5822441453125 0.05260572031250001 0.5860050359375 0.1206783046875 0.6590198625 0.12766248125 0.6578393734375 0.067470078125
35 0.51954414375 0 0.48843362968750004 0.03921978125 0.5441261390625 0.10259769999999999 0.5463674046875 0.1023225078125 0.5789818484375 0.05346136875 0.5788767625 0.052605507812499994 0.5311961515625 0 0.51954414375 0