14 0.828125 0.37421875 0.05 0.0640625
14 0.7796875 0.37734375 0.0421875 0.0625
14 0.7328125 0.3875 0.0484375 0.0671875
4 0.68515625 0.40234375 0.0484375 0.065625
4 0.63828125 0.41171875 0.0453125 0.0625
4 0.5890625 0.421875 0.0546875 0.06875
6 0.540625 0.43046875 0.0484375 0.0703125
6 0.48828125 0.43984375 0.0546875 0.0703125
5 0.43515625 0.43359375 0.05 0.0671875
5 0.384375 0.43671875 0.0484375 0.0671875
5 0.33125 0.44140625 0.053125 0.06875
5 0.278125 0.44765625 0.0484375 0.065625
32 0.16953125 0.4625 0.0484375 0.05
32 0.115625 0.4609375 0.04375 0.0546875
32 0.0578125 0.48046875 0.0484375 0.0578125