20 0.4171875 0.50234375 0.0734375 0.1015625
19 0.35703125 0.51953125 0.065625 0.09375
18 0.2953125 0.5375 0.0734375 0.096875
31 0.1171875 0.59609375 0.065625 0.103125
31 0.18046875 0.57421875 0.0703125 0.096875
31 0.23671875 0.55703125 0.0640625 0.09375
37 0.478125 0.48828125 0.075 0.1078125
37 0.53203125 0.465625 0.0734375 0.1
37 0.59296875 0.45078125 0.075 0.1015625
22 0.65390625 0.43125 0.0734375 0.1
22 0.71796875 0.41796875 0.065625 0.090625
22 0.76953125 0.390625 0.06875 0.090625
24 0.83046875 0.371875 0.0734375 0.0984375
24 0.88984375 0.359375 0.0734375 0.1015625