16 0.90234375 0.48515625 0.0546875 0.10234375
16 0.83984375 0.48515625 0.0578125 0.10078125
16 0.77734375 0.484375 0.05859375 0.1015625
34 0.715625 0.48515625 0.0578125 0.1046875
34 0.65234375 0.48359375 0.05859375 0.1
17 0.58984375 0.48359375 0.06015625 0.1
17 0.528125 0.48359375 0.06171875 0.10078125
17 0.465625 0.48359375 0.06015625 0.10546875
31 0.4015625 0.4828125 0.06171875 0.1046875
31 0.3375 0.4828125 0.06015625 0.10625
31 0.27421875 0.48203125 0.0609375 0.1046875
0 0.20625 0.47890625 0.06328125 0.1046875
0 0.140625 0.47890625 0.05703125 0.10546875
0 0.075 0.47734375 0.059375 0.1078125