33 0.925 0.5703125 0.0828125 0.1671875
33 0.8609375 0.5609375 0.08125 0.1671875
33 0.7953125 0.5515625 0.08125 0.1703125
36 0.7328125 0.540625 0.08125 0.171875
36 0.66875 0.53203125 0.084375 0.165625
36 0.60546875 0.52109375 0.0796875 0.1625
35 0.5421875 0.51171875 0.084375 0.165625
35 0.48046875 0.50078125 0.0796875 0.1640625
35 0.41796875 0.49140625 0.0796875 0.1625
31 0.35546875 0.4828125 0.0765625 0.1625
31 0.29375 0.475 0.075 0.1640625
37 0.23125 0.46328125 0.0703125 0.1578125
37 0.16875 0.45390625 0.0734375 0.1609375
37 0.1078125 0.44140625 0.0734375 0.153125