25 0.93828125 0.4625 0.0625 0.10625
25 0.87265625 0.46953125 0.065625 0.1078125
25 0.80546875 0.48359375 0.0671875 0.1109375
24 0.7421875 0.48984375 0.0703125 0.1125
23 0.675 0.5 0.075 0.1109375
22 0.60859375 0.509375 0.071875 0.1109375
22 0.540625 0.51796875 0.0734375 0.1109375
22 0.47421875 0.52890625 0.0703125 0.1125
21 0.40546875 0.53671875 0.075 0.115625
20 0.334375 0.54453125 0.078125 0.11875
20 0.19453125 0.56328125 0.078125 0.11875
19 0.26484375 0.55390625 0.0765625 0.115625
19 0.12265625 0.571875 0.0765625 0.1171875
18 0.05234375 0.5828125 0.075 0.1109375