20 0.08046875 0.53984375 0.04375 0.10546875
20 0.15 0.546875 0.04765625 0.103125
24 0.21796875 0.54609375 0.053125 0.10703125
25 0.2859375 0.5453125 0.05234375 0.10234375
26 0.35 0.5453125 0.053125 0.10703125
18 0.41640625 0.54453125 0.05546875 0.10078125
19 0.484375 0.54765625 0.0578125 0.103125
20 0.55078125 0.5453125 0.06015625 0.1015625
18 0.61640625 0.5484375 0.05859375 0.1015625
19 0.684375 0.54765625 0.05859375 0.1015625
20 0.75078125 0.55 0.06015625 0.1015625
21 0.81875 0.55 0.0578125 0.1046875
22 0.8875 0.55 0.05703125 0.09921875
23 0.94921875 0.55078125 0.05625 0.10078125