33 0.88671875 0.6796875 0.0703125 0.1140625
33 0.82578125 0.6671875 0.0703125 0.115625
33 0.76484375 0.65625 0.075 0.1125
31 0.70234375 0.646875 0.075 0.115625
31 0.6390625 0.63671875 0.0765625 0.115625
36 0.57578125 0.62578125 0.0765625 0.1140625
36 0.5125 0.61484375 0.078125 0.115625
36 0.44921875 0.60625 0.0796875 0.1171875
34 0.384375 0.59453125 0.0796875 0.11875
34 0.3203125 0.58359375 0.08125 0.11875
34 0.25390625 0.575 0.0828125 0.121875
37 0.1859375 0.56328125 0.08125 0.1171875
37 0.12109375 0.5515625 0.078125 0.11875
37 0.053125 0.53828125 0.0765625 0.1203125