31 0.90078125 0.48203125 0.0578125 0.10234375
31 0.8390625 0.48203125 0.05703125 0.10546875
31 0.77578125 0.4828125 0.05859375 0.10390625
33 0.71171875 0.48203125 0.06015625 0.10234375
33 0.64765625 0.48359375 0.0609375 0.10546875
33 0.584375 0.4828125 0.0578125 0.10390625
35 0.51953125 0.48046875 0.0578125 0.103125
35 0.4546875 0.48125 0.05859375 0.10546875
35 0.38984375 0.48046875 0.0578125 0.103125
8 0.32421875 0.48125 0.059375 0.1078125
8 0.2578125 0.47890625 0.05859375 0.10625
0 0.190625 0.48125 0.06015625 0.10234375
0 0.125 0.48046875 0.05859375 0.10390625
0 0.05703125 0.48046875 0.059375 0.10859375