24 0.76484375 0.509375 0.0515625 0.059375
24 0.71015625 0.5078125 0.053125 0.0703125
24 0.653125 0.50390625 0.0546875 0.0671875
23 0.59609375 0.50078125 0.046875 0.06875
23 0.5421875 0.496875 0.0484375 0.065625
23 0.490625 0.49140625 0.0484375 0.065625
21 0.43671875 0.4828125 0.0484375 0.065625
21 0.38046875 0.4859375 0.0484375 0.065625
27 0.09140625 0.48828125 0.0625 0.0703125
29 0.1515625 0.4921875 0.0609375 0.071875
34 0.209375 0.4828125 0.0375 0.0609375
34 0.2640625 0.4890625 0.0453125 0.0625
34 0.31796875 0.49296875 0.0421875 0.0625
32 0.82109375 0.5140625 0.05625 0.0671875
32 0.878125 0.52109375 0.05625 0.0703125
32 0.9375 0.51640625 0.0546875 0.071875