29 0.04921875 0.57109375 0.05625 0.08125
17 0.9078125 0.7078125 0.065625 0.0875
17 0.84609375 0.69375 0.06875 0.0859375
16 0.77890625 0.68671875 0.0703125 0.090625
15 0.71875 0.678125 0.0625 0.090625
15 0.59765625 0.65625 0.06875 0.0890625
14 0.6609375 0.66484375 0.0625 0.0859375
14 0.53828125 0.64609375 0.0609375 0.0859375
14 0.41875 0.625 0.0609375 0.0828125
13 0.478125 0.63828125 0.0640625 0.0875
13 0.35625 0.6171875 0.0609375 0.0859375
12 0.29375 0.61015625 0.0640625 0.0875
34 0.23203125 0.60078125 0.053125 0.075
34 0.1703125 0.58828125 0.05625 0.078125
34 0.1125 0.58203125 0.0546875 0.084375