41 0.10546875 0.44296875 0.0453125 0.065625
30 0.146875 0.44140625 0.040625 0.065625
21 0.190625 0.4375 0.04375 0.059375
21 0.234375 0.43671875 0.040625 0.06875
21 0.2796875 0.434375 0.0421875 0.071875
4 0.32734375 0.43125 0.0484375 0.075
4 0.37578125 0.42734375 0.05 0.075
4 0.42734375 0.425 0.046875 0.0703125
26 0.48046875 0.421875 0.0546875 0.078125
26 0.5359375 0.41875 0.05625 0.0765625
2 0.59140625 0.41796875 0.05 0.0765625
2 0.65234375 0.415625 0.0578125 0.084375
2 0.7171875 0.41171875 0.0609375 0.084375
17 0.7796875 0.409375 0.0609375 0.0859375
17 0.84921875 0.40390625 0.0625 0.0875
17 0.91796875 0.403125 0.0671875 0.090625