16 0.9125 0.5609375 0.0671875 0.1140625
16 0.84921875 0.56640625 0.06875 0.1140625
15 0.78671875 0.571875 0.06875 0.1109375
15 0.7234375 0.57734375 0.071875 0.1109375
15 0.65859375 0.5828125 0.0703125 0.1109375
15 0.59453125 0.5875 0.0703125 0.1109375
14 0.52890625 0.5953125 0.06875 0.11875
13 0.46484375 0.60078125 0.071875 0.1140625
11 0.39921875 0.60625 0.075 0.1140625
11 0.3328125 0.6140625 0.075 0.1171875
11 0.265625 0.6203125 0.075 0.1171875
11 0.19921875 0.62578125 0.071875 0.1171875
10 0.1296875 0.6296875 0.0765625 0.1125
9 0.06015625 0.63515625 0.071875 0.1203125