17 0.8921875 0.61796875 0.065625 0.1078125
16 0.8328125 0.6125 0.065625 0.1078125
15 0.77265625 0.60703125 0.06875 0.1109375
14 0.71171875 0.603125 0.06875 0.1109375
13 0.64921875 0.5984375 0.06875 0.1109375
12 0.5875 0.5921875 0.0703125 0.1109375
12 0.52578125 0.5875 0.06875 0.1125
11 0.4640625 0.5828125 0.071875 0.109375
10 0.4015625 0.5765625 0.071875 0.1140625
10 0.3390625 0.5734375 0.071875 0.1140625
10 0.275 0.56796875 0.075 0.1140625
11 0.21171875 0.56328125 0.075 0.115625
10 0.14609375 0.55703125 0.075 0.1125
9 0.08125 0.55078125 0.0734375 0.1140625