29 0.8909060015625 0.7122374781249999 0.9253449984375001 0.726825453125 0.935572421875 0.7293754375 0.9384204109375001 0.717952775 0.94434980625 0.6481066 0.899776775 0.6295055859375001 0.8909060015625 0.7122374781249999
39 0.8384471515625 0.7164317234375 0.849948175 0.7192992515625 0.8880077359375 0.7263860890625 0.8887103156249999 0.72356819375 0.8887285468749999 0.6389979343750001 0.8413597359375 0.629298371875 0.840950353125 0.630940315625 0.8384471515625 0.7164317234375
26 0.8185471734374999 0.7179114375 0.83468886875 0.720640715625 0.8376068812499999 0.7089372125 0.8395688609375 0.632555496875 0.7893297015625 0.6221087734374999 0.78636185625 0.7098867359375001 0.8185471734374999 0.7179114375
25 0.7328147 0.7045876 0.7390975 0.706154078125 0.7848908703124999 0.7136913093749999 0.7855169875 0.7111800890625 0.7887144375 0.624407890625 0.7388806812500001 0.6140454656250001 0.7383327468750001 0.6162431109375001 0.7328147 0.7045876
24 0.72608538125 0.7045201249999999 0.7306167359375 0.7053186046875 0.732202359375 0.69895901875 0.7372660125 0.616104721875 0.687026853125 0.605657996875 0.6792133984375 0.692833628125 0.72608538125 0.7045201249999999
18 0.6524433546874999 0.694210775 0.6761147375000001 0.6978598218750001 0.6781645000000001 0.6896386703124999 0.6849502609375 0.6071776015625 0.6313853703125 0.5958862015624999 0.62161798125 0.686525146875 0.6524433546874999 0.694210775
18 0.6174223453125001 0.6854790578125 0.6195105921875 0.685914890625 0.62070005625 0.681144209375 0.631593121875 0.59322213125 0.576650315625 0.5819483484375 0.5644247953125 0.6722652828125 0.6174223453125001 0.6854790578125
18 0.5062217546875 0.6658053046875 0.5599893578125 0.6792110734375 0.566026596875 0.6549970296875001 0.5758153312500001 0.585596646875 0.5208725249999999 0.5743228640625 0.5062217546875 0.6658053046875
23 0.48023803281250005 0.670599171875 0.5000822953124999 0.674054725 0.5098555375 0.63485639375 0.5199479703125001 0.5798020078125 0.4632374875 0.5684486625 0.4464565703125 0.6621765078124999 0.48023803281250005 0.670599171875
23 0.4441575484375 0.6655816578125 0.461510646875 0.570920215625 0.460921775 0.5707733937499999 0.4048052828125 0.559538965625 0.38417834375000004 0.6547004703125 0.389028859375 0.655909840625 0.4441575484375 0.6655816578125
20 0.3810692390625 0.6476117296874999 0.404329640625 0.554319353125 0.3468182140625 0.54343789375 0.3236358640625 0.634774534375 0.36133316875 0.644173528125 0.3810692390625 0.6476117296874999
20 0.33669969843750003 0.5607616984375 0.358801478125 0.47211629843749997 0.3033361921875 0.4595461515625 0.2782929640625 0.547783590625 0.30746874218750003 0.5550579296875 0.33669969843750003 0.5607616984375
20 0.2521939046875 0.6403934890625 0.2625362765625 0.5998670890625 0.276674421875 0.543162090625 0.21456126874999998 0.5339787234375 0.1891349578125 0.6302257 0.20318407500000002 0.6337285375 0.2521939046875 0.6403934890625
25 0.12492727343750001 0.6287099296875 0.1854067703125 0.6379514078125 0.2100117703125 0.53926614375 0.148928046875 0.5304119734375 0.12257519531250001 0.618689853125 0.120360784375 0.6275713765625001 0.12492727343750001 0.6287099296875
25 0.11824861406250001 0.625640078125 0.12559045156249998 0.6001376296875 0.1437928921875 0.5271316265625 0.1422385703125 0.526744090625 0.08408597500000001 0.516718921875 0.052259875 0.6154229140624999 0.0605231203125 0.617483171875 0.11824861406250001 0.625640078125
2 0.1490137 0.3382660125 0.1511389265625 0.32974219531250004 0.0944284140625 0.28843480625 0.0539321859375 0.341862846875 0.11458408125 0.3828309859375 0.1490137 0.3382660125
18 0.06511718125 0.20316248125 0.0692269671875 0.204187165625 0.1317457484375 0.162093528125 0.132221965625 0.160183525 0.10820365624999999 0.1214537984375 0.075526175 0.1380578390625 0.0615777140625 0.1933087046875 0.06511718125 0.20316248125
5 0.3011334578125 0 0.295974775 0.0097831546875 0.3366933203125 0.02610328125 0.338283259375 0.026499696875 0.3509818984375 0 0.3011334578125 0
5 0.20738977812499998 0.2209213515625 0.209056296875 0.2213368609375 0.24637228906250003 0.1867537953125 0.2466062171875 0.18581555624999999 0.20027540312499997 0.14296636093749998 0.1600615046875 0.1776991578125 0.1599844234375 0.1780083140625 0.20738977812499998 0.2209213515625
9 0.180920153125 0.0940396890625 0.1820361421875 0.08956369843749999 0.1806901328125 0.02926661875 0.130950271875 0.0343220671875 0.1277729109375 0.10122950625 0.180920153125 0.0940396890625
10 0.3387230046875 0.0359509734375 0.3054195109375 0.026357514062499997 0.296360046875 0.024098734375 0.2768076296875 0.0800403078125 0.291047746875 0.0839669140625 0.32466169218749996 0.0923478125 0.3387230046875 0.0359509734375
7 0.501794828125 0.078540046875 0.50630225 0.061366504687500004 0.5113717171875 0.041033982812499994 0.4572539796875 0.0202941078125 0.4440193 0.060685309374999996 0.4757409015625 0.0720440734375 0.501794828125 0.078540046875
2 0.20576395937499997 0 0.19468903906249999 0.0236485640625 0.23394702031249998 0.034302760937499996 0.2583627140625 0.0403902765625 0.26902334687499996 0.011942315625 0.2720009 0 0.20576395937499997 0
23 0.384438971875 0.0847072890625 0.3895997578125 0.08599401718750001 0.41738779531250003 0.040310190625 0.378139834375 0.01794571875 0.34661445 0.065691434375 0.384438971875 0.0847072890625
4 0.4506452328125 0.23809273593750002 0.491100446875 0.1998419609375 0.49262281406249997 0.1937360796875 0.46201044687500004 0.1597151453125 0.41626634687499997 0.202233096875 0.44668476406249996 0.2371052796875 0.4506452328125 0.23809273593750002
23 0.5557249546875 0.21837114687499998 0.5641012812499999 0.18477554062499998 0.5089553171875 0.161345240625 0.4950835234375 0.20504898124999998 0.55230040625 0.2291771328125 0.5557249546875 0.21837114687499998
1 0.36016894375 0.4055538515625 0.411213546875 0.41828070000000006 0.4316660234375 0.34580375 0.380854296875 0.3300971203125 0.3570275875 0.40459563750000005 0.36016894375 0.4055538515625
24 0.6948396828125001 0.4712829671875 0.6960126640625 0.4715754234375 0.743055284375 0.4358346453125 0.74347425 0.43415426718749994 0.718804 0.387303934375 0.6700103359375 0.41878452343749994 0.6698666515625 0.419360809375 0.6948396828125001 0.4712829671875
24 0.5726889265625 0.4303048953125 0.62899834375 0.4500358765625 0.6345007687499999 0.451407784375 0.6375292203125 0.4392613265625 0.6458120453125 0.397278234375 0.58568319375 0.3780965078125 0.5726889265625 0.4303048953125
10 0.25242545625 0.25791534843749997 0.3132319625 0.22861170312499998 0.3142703953125 0.22444677500000002 0.295102075 0.17872171718750002 0.2299736453125 0.21033698906249998 0.2503733734375 0.25740370625 0.25242545625 0.25791534843749997
14 0.57912401875 0.07527570624999999 0.607478640625 0.06892671875 0.6079808046874999 0.06691264687500001 0.5883677484375001 0.017690796875 0.5527001296875 0.0277495171875 0.5731512078125001 0.0737865171875 0.57912401875 0.07527570624999999
16 0.4332626109375 0.161293740625 0.46231833437500003 0.14089591562499998 0.4637597390625 0.135114759375 0.43006787968750004 0.0885268640625 0.391890384375 0.1108873078125 0.4283675171875 0.16007325625 0.4332626109375 0.161293740625
17 0.6112089390625 0.3312667796875 0.6497070484374999 0.299996984375 0.6503328109375001 0.297487184375 0.6259245499999999 0.258086375 0.5821253078125 0.2966082625 0.60692005625 0.330197440625 0.6112089390625 0.3312667796875
15 0.505197303125 0.4771408265625 0.5131660859375 0.4791276671875 0.544749271875 0.417216525 0.504753928125 0.3856977046875 0.46852785468749997 0.4491311359375 0.505197303125 0.4771408265625
2 0.4265015046875 0.310979384375 0.47336048281250004 0.322662640625 0.48732701718750004 0.2666459296875 0.48975111718750003 0.25509526718750003 0.44279235625 0.2438782796875 0.4265015046875 0.310979384375
17 0.147330553125 0.3106186015625 0.18937687187500002 0.247423825 0.191085103125 0.2405724890625 0.14682977656250001 0.2159140296875 0.0997648828125 0.2807621953125 0.1439379953125 0.3097727421875 0.147330553125 0.3106186015625
33 0.29004313593750003 0.10848003749999999 0.291405078125 0.1030175828125 0.2448071890625 0.089112615625 0.21877640937499998 0.1480746703125 0.26929188593750003 0.16066959218750002 0.29004313593750003 0.10848003749999999
9 0.355939575 0.2982173203125 0.385027175 0.23775685468750002 0.38603437343749997 0.2337171984375 0.338911584375 0.210510184375 0.3066405421875 0.2744476578125 0.35342486875 0.29759033437500004 0.355939575 0.2982173203125
36 0.46283026562499996 0 0.4575280140625 0.013601407812499999 0.49925019531250003 0.029595584375 0.51031511875 0.032354379687500004 0.518381971875 0 0.46283026562499996 0
35 0.6461661765625 0.2417522359375 0.693434184375 0.22795615468750002 0.6940316640625 0.22555979375000001 0.6785536265625 0.181290265625 0.624766975 0.1972395046875 0.642211990625 0.240766346875 0.6461661765625 0.2417522359375
33 0.189029625 0.370935696875 0.24264170468750001 0.3696424484375 0.246405621875 0.354546203125 0.25023609062499996 0.28677682656250003 0.19061941875 0.2901549390625 0.1821303765625 0.3692155203125 0.189029625 0.370935696875
37 0.34224765156250003 0.172418171875 0.3836985921875 0.1268289796875 0.3837435453125 0.1266486796875 0.3438814140625 0.0975803875 0.3038318859375 0.14491071718749998 0.33877942031249997 0.1715534453125 0.34224765156250003 0.172418171875
31 0.5770100390625 0.1842513296875 0.5908623046875 0.148488590625 0.595112590625 0.131441628125 0.560078453125 0.11173043593750001 0.5362799265625 0.16378261875 0.572297753125 0.18307642500000001 0.5770100390625 0.1842513296875
37 0.6805175343750001 0.1794623046875 0.689827740625 0.1817836 0.7121154359374999 0.1401123578125 0.7130480265625 0.13637194218749998 0.6795767390624999 0.111058184375 0.651002534375 0.15916845625 0.6509366171875001 0.1594328296875 0.6805175343750001 0.1794623046875
32 0.52354395 0.360940125 0.5803079453125 0.3587459171875 0.5815919078125 0.3535962203125 0.5781575671875 0.30291706406249996 0.5159603515625 0.309611278125 0.5174549203125001 0.359421959375 0.52354395 0.360940125
0 0.331709365625 0.38879607968749996 0.3760348609375 0.33195131875 0.377207634375 0.3272475828125 0.3394863859375 0.2927886421875 0.2893587109375 0.352304275 0.3304649234375 0.3884858046875 0.331709365625 0.38879607968749996
25 0 0.6038747015625 0.0490652578125 0.6113561187500001 0.06865726562499999 0.550760234375 0.07872066250000001 0.5103981515625 0.016828046875 0.5002137078125 0 0.5485791984375 0 0.6038747015625