1 0.07578125 0.65546875 0.053125 0.1015625
1 0.1390625 0.65390625 0.05625 0.10625
1 0.20390625 0.646875 0.053125 0.1
7 0.26875 0.64453125 0.05625 0.1
7 0.3328125 0.63984375 0.053125 0.1
7 0.396875 0.6359375 0.053125 0.1
30 0.4609375 0.634375 0.05625 0.1015625
7 0.52578125 0.6296875 0.0546875 0.096875
5 0.58828125 0.628125 0.0546875 0.1015625
6 0.6515625 0.6203125 0.053125 0.09375
4 0.7140625 0.62109375 0.059375 0.0953125
3 0.7734375 0.6140625 0.05625 0.0984375
33 0.8390625 0.61015625 0.0515625 0.0953125
33 0.8984375 0.60546875 0.05 0.0875
31 0.5298044187500001 0.16281693749999998 0.5341922109375 0.1626637125 0.5741067921874999 0.115729725 0.5207746984375 0.0427090078125 0.481579125 0.091630171875 0.5298044187500001 0.16281693749999998
35 0.6949362140625001 0.08287259375 0.6945919359375 0.0730137625 0.6209241624999999 0.06147623906250001 0.618737825 0.129617571875 0.690866096875 0.1429388328125 0.6949362140625001 0.08287259375
35 0.5664604078125001 0 0.5286372859374999 0.0399651140625 0.57859411875 0.1079557828125 0.5808508406249999 0.107876975 0.6175997046874999 0.062044304687499996 0.6175696125 0.0611825421875 0.5711488015625 0 0.5664604078125001 0