17 0.9 0.396875 0.0703125 0.1203125
16 0.84296875 0.421875 0.0796875 0.1359375
15 0.78125 0.4390625 0.0734375 0.1328125
15 0.721875 0.4546875 0.075 0.13125
14 0.66171875 0.46875 0.078125 0.1328125
13 0.6 0.4875 0.084375 0.1390625
12 0.53671875 0.50859375 0.084375 0.134375
11 0.47265625 0.52578125 0.0828125 0.1421875
10 0.4078125 0.5453125 0.0796875 0.1390625
11 0.34375 0.56640625 0.0796875 0.1375
10 0.27890625 0.58515625 0.08125 0.1390625
9 0.2125 0.60546875 0.071875 0.134375
9 0.14375 0.63046875 0.078125 0.128125
9 0.07265625 0.64375 0.0796875 0.1375