30 0.0734375 0.590625 0.05078125 0.08046875
28 0.1296875 0.58984375 0.040625 0.06953125
39 0.1765625 0.59140625 0.03984375 0.071875
38 0.2234375 0.58828125 0.046875 0.07109375
14 0.2703125 0.59140625 0.0375 0.06640625
14 0.3171875 0.59140625 0.04140625 0.06875
14 0.36484375 0.58984375 0.04296875 0.0671875
14 0.4109375 0.5890625 0.0390625 0.0671875
35 0.59140625 0.5859375 0.04140625 0.06875
35 0.6390625 0.58515625 0.04375 0.0671875
35 0.68515625 0.584375 0.03984375 0.0640625
21 0.54453125 0.58828125 0.03828125 0.06171875
21 0.5015625 0.5890625 0.03515625 0.0625
21 0.4546875 0.58671875 0.0375 0.059375
26 0.7296875 0.5828125 0.04296875 0.06484375
26 0.7765625 0.5828125 0.04140625 0.0671875
34 0.82265625 0.58359375 0.03671875 0.0640625
34 0.86640625 0.58125 0.03828125 0.06640625
34 0.91171875 0.58046875 0.03515625 0.0625