17 0.9078125 0.54140625 0.0640625 0.1078125
16 0.8484375 0.546875 0.0640625 0.1078125
15 0.7875 0.553125 0.0671875 0.1109375
14 0.72734375 0.5609375 0.0671875 0.109375
13 0.66484375 0.56796875 0.0671875 0.109375
12 0.60390625 0.57421875 0.06875 0.1109375
12 0.5421875 0.58125 0.0671875 0.1109375
11 0.48046875 0.58828125 0.0703125 0.1078125
10 0.41796875 0.59453125 0.0703125 0.1125
10 0.35625 0.603125 0.0703125 0.1125
10 0.2921875 0.61015625 0.0734375 0.1125
11 0.22890625 0.6171875 0.0734375 0.1140625
10 0.16328125 0.6234375 0.0734375 0.1125
9 0.09921875 0.6296875 0.071875 0.1125