4 0.9359375 0.56171875 0.05 0.0828125
5 0.88671875 0.56171875 0.0421875 0.0875
6 0.83046875 0.565625 0.046875 0.0859375
5 0.77734375 0.56640625 0.0484375 0.0890625
6 0.725 0.5671875 0.0484375 0.0890625
7 0.6734375 0.56875 0.0484375 0.0875
34 0.621875 0.56953125 0.0484375 0.084375
34 0.56953125 0.57109375 0.05 0.0890625
31 0.51875 0.57265625 0.0484375 0.0890625
31 0.46796875 0.57421875 0.05 0.0890625
31 0.4171875 0.575 0.0515625 0.0890625
33 0.36640625 0.575 0.05 0.0890625
33 0.3140625 0.57578125 0.0484375 0.0875
33 0.2640625 0.5765625 0.0515625 0.0875
41 0.2125 0.5765625 0.0515625 0.0859375
30 0.16171875 0.5796875 0.053125 0.0859375
29 0.11015625 0.58046875 0.0515625 0.0859375
28 0.06015625 0.58046875 0.046875 0.084375