23 0.9421875 0.81328125 0.0546875 0.0953125
23 0.88046875 0.81015625 0.059375 0.090625
7 0.81796875 0.81015625 0.059375 0.096875
7 0.75546875 0.80546875 0.0578125 0.096875
7 0.68984375 0.8046875 0.053125 0.096875
12 0.625 0.80390625 0.0578125 0.0953125
12 0.56484375 0.80078125 0.05625 0.090625
12 0.50234375 0.7984375 0.05625 0.0953125
32 0.4375 0.79921875 0.0578125 0.084375
32 0.37578125 0.7984375 0.0625 0.090625
32 0.309375 0.790625 0.0609375 0.090625
1 0.24609375 0.78515625 0.0515625 0.1046875
1 0.1828125 0.78515625 0.053125 0.103125
1 0.1171875 0.78125 0.05 0.1015625
28 0.05234375 0.77890625 0.0578125 0.1