27 0.06953125 0.490625 0.0609375 0.0953125
39 0.12265625 0.4984375 0.0609375 0.0953125
40 0.17421875 0.50625 0.05625 0.090625
18 0.2265625 0.5109375 0.0625 0.0953125
19 0.2796875 0.51953125 0.0625 0.096875
20 0.33359375 0.52734375 0.0609375 0.0921875
24 0.3875 0.53125 0.0640625 0.0953125
25 0.44140625 0.53828125 0.0640625 0.096875
26 0.49609375 0.54375 0.0625 0.09375
21 0.55234375 0.5515625 0.0640625 0.09375
22 0.6078125 0.55859375 0.0640625 0.096875
23 0.6625 0.5640625 0.0640625 0.096875
20 0.71953125 0.57265625 0.0640625 0.096875
20 0.77578125 0.5796875 0.0640625 0.1
20 0.83203125 0.58515625 0.065625 0.096875
18 0.8890625 0.59296875 0.06875 0.1015625
18 0.9484375 0.59921875 0.0640625 0.1