14 0.83984375 0.40859375 0.04375 0.059375
14 0.790625 0.40703125 0.0359375 0.059375
14 0.74296875 0.4125 0.0421875 0.0625
4 0.69375 0.42265625 0.0421875 0.0609375
4 0.64609375 0.4265625 0.040625 0.0578125
4 0.59609375 0.43203125 0.0484375 0.065625
6 0.54765625 0.43515625 0.0421875 0.065625
6 0.49453125 0.4390625 0.0484375 0.065625
5 0.4421875 0.42734375 0.04375 0.0625
5 0.39140625 0.425 0.0421875 0.0625
5 0.33828125 0.42421875 0.046875 0.0640625
5 0.284375 0.425 0.0421875 0.0609375
32 0.175 0.428125 0.0453125 0.0453125
32 0.121875 0.4203125 0.0390625 0.05
32 0.06171875 0.434375 0.04375 0.0546875