17 0.88046875 0.51796875 0.115625 0.1703125
16 0.79296875 0.5390625 0.11875 0.171875
16 0.6109375 0.575 0.1203125 0.1734375
15 0.703125 0.55703125 0.1234375 0.1765625
15 0.52109375 0.5953125 0.121875 0.171875
15 0.33984375 0.6328125 0.11875 0.171875
14 0.43125 0.61328125 0.11875 0.171875
14 0.2484375 0.653125 0.125 0.1765625
13 0.15625 0.671875 0.125 0.171875
11 0.66875 0.40078125 0.1203125 0.16875
11 0.57890625 0.4203125 0.1171875 0.1671875
11 0.490625 0.43984375 0.1171875 0.16875
10 0.40078125 0.45703125 0.11875 0.1703125
10 0.31015625 0.4765625 0.1203125 0.171875