15 0.74453125 0.6109375 0.0859375 0.15
14 0.65546875 0.6109375 0.08671875 0.15078125
11 0.47734375 0.45703125 0.08515625 0.14921875
16 0.83203125 0.60859375 0.08359375 0.146875
16 0.565625 0.609375 0.08671875 0.15078125
15 0.4765625 0.61015625 0.08671875 0.15078125
14 0.38828125 0.61171875 0.08671875 0.15234375
14 0.29921875 0.6125 0.08984375 0.153125
13 0.20859375 0.61171875 0.0890625 0.1515625
12 0.11875 0.609375 0.08828125 0.1484375
10 0.6546875 0.45703125 0.08828125 0.1515625
10 0.56484375 0.45546875 0.0859375 0.1484375
10 0.38984375 0.4578125 0.08828125 0.15
9 0.3 0.45703125 0.0890625 0.15078125