24 0.753125 0.42265625 0.0609375 0.0671875
24 0.7015625 0.4390625 0.0640625 0.078125
24 0.64609375 0.45390625 0.065625 0.075
23 0.59140625 0.46875 0.0578125 0.075
23 0.5390625 0.4828125 0.059375 0.071875
23 0.48828125 0.4953125 0.0578125 0.071875
21 0.43515625 0.5046875 0.0578125 0.071875
21 0.38203125 0.52578125 0.0578125 0.071875
27 0.11015625 0.62265625 0.0734375 0.078125
29 0.16796875 0.60625 0.071875 0.08125
34 0.21953125 0.578125 0.046875 0.065625
34 0.2734375 0.56640625 0.0546875 0.0671875
34 0.32578125 0.55234375 0.053125 0.0671875
32 0.8078125 0.40859375 0.0671875 0.075
32 0.86484375 0.396875 0.0671875 0.078125
32 0.91875 0.3734375 0.065625 0.0796875