17 0.903125 0.46640625 0.0484375 0.11015625
17 0.8453125 0.47578125 0.04609375 0.10546875
9 0.78203125 0.48359375 0.0484375 0.096875
9 0.7203125 0.496875 0.04609375 0.10078125
9 0.6609375 0.50390625 0.04609375 0.10625
15 0.59921875 0.509375 0.04609375 0.11796875
14 0.5328125 0.5203125 0.0484375 0.11796875
13 0.47109375 0.5296875 0.04765625 0.11640625
11 0.40625 0.5421875 0.04765625 0.115625
10 0.3390625 0.55 0.05 0.11640625
9 0.27421875 0.56328125 0.05234375 0.109375
17 0.20703125 0.56953125 0.053125 0.11328125
16 0.13828125 0.57890625 0.053125 0.1203125
15 0.06875 0.58828125 0.0484375 0.12578125