23 0.90703125 0.8578125 0.0640625 0.0984375
23 0.84609375 0.8484375 0.0671875 0.0953125
7 0.784375 0.8421875 0.06875 0.1015625
7 0.721875 0.83046875 0.0671875 0.1015625
7 0.65703125 0.82265625 0.0625 0.1
12 0.59296875 0.815625 0.0671875 0.1
12 0.53359375 0.80546875 0.0640625 0.0953125
12 0.47109375 0.796875 0.065625 0.1
32 0.40625 0.79140625 0.065625 0.0890625
32 0.3453125 0.78359375 0.0703125 0.0953125
32 0.28046875 0.76875 0.06875 0.0953125
1 0.2171875 0.75703125 0.0625 0.1078125
1 0.1546875 0.75 0.0640625 0.10625
1 0.08984375 0.7390625 0.059375 0.1046875
28 0.0296875 0.73046875 0.059375 0.1046875