24 0.903125 0.546875 0.078125 0.090625
24 0.83515625 0.540625 0.0703125 0.0890625
24 0.7671875 0.53515625 0.0703125 0.0890625
10 0.70546875 0.5296875 0.0671875 0.0953125
10 0.6421875 0.52265625 0.071875 0.09375
10 0.5765625 0.51484375 0.0671875 0.0953125
14 0.51171875 0.50625 0.065625 0.090625
14 0.44609375 0.49765625 0.0671875 0.09375
14 0.37890625 0.4921875 0.0640625 0.0953125
14 0.31484375 0.4796875 0.0625 0.0921875
12 0.2484375 0.47109375 0.0609375 0.0875
12 0.1828125 0.46171875 0.0640625 0.090625
12 0.11328125 0.45390625 0.0640625 0.0921875
9 0.6640625 0.39921875 0.06875 0.0875
9 0.6015625 0.3921875 0.065625 0.090625