30 0.26796875 0.48125 0.0578125 0.0921875
38 0.48046875 0.50625 0.05 0.084375
35 0.83359375 0.5484375 0.0484375 0.08125
31 0.784375 0.54296875 0.05 0.0828125
0 0.73515625 0.53515625 0.046875 0.0859375
4 0.684375 0.528125 0.053125 0.0875
4 0.634375 0.5203125 0.053125 0.08125
5 0.58203125 0.51640625 0.0484375 0.0828125
7 0.53203125 0.5125 0.0515625 0.084375
1 0.42734375 0.49921875 0.046875 0.0828125
1 0.37421875 0.4921875 0.053125 0.0859375
1 0.32109375 0.4875 0.053125 0.0921875
5 0.21015625 0.47421875 0.059375 0.090625
6 0.1515625 0.46484375 0.0578125 0.0921875
7 0.0921875 0.45703125 0.0546875 0.0859375
29 1 0.15232420156249998 0.9718459812500001 0.1640822296875 0.987028865625 0.2111848609375 1 0.2065641078125 1 0.15232420156249998