38 0.96015625 0.753125 0.059375 0.103125
15 0.90078125 0.75546875 0.0609375 0.103125
15 0.84296875 0.7578125 0.059375 0.103125
15 0.7828125 0.76171875 0.0578125 0.103125
13 0.7234375 0.7671875 0.05625 0.103125
12 0.66171875 0.77109375 0.059375 0.1046875
11 0.603125 0.77578125 0.0578125 0.1015625
33 0.54609375 0.77734375 0.059375 0.1
33 0.48515625 0.7828125 0.05625 0.1
33 0.42421875 0.78515625 0.053125 0.1015625
13 0.36796875 0.78671875 0.05625 0.096875
13 0.3078125 0.79375 0.053125 0.1
14 0.2484375 0.7984375 0.05 0.0984375
13 0.18984375 0.803125 0.0515625 0.0984375
12 0.13046875 0.80546875 0.05 0.0984375