6 0.95859375 0.53125 0.0546875 0.0890625
6 0.9015625 0.5421875 0.059375 0.0953125
6 0.84296875 0.55234375 0.0578125 0.09375
14 0.7859375 0.5625 0.0609375 0.096875
14 0.728125 0.5703125 0.0609375 0.1
37 0.67421875 0.58046875 0.0625 0.1015625
37 0.61796875 0.58828125 0.059375 0.103125
37 0.5609375 0.596875 0.0625 0.1
32 0.50703125 0.60390625 0.065625 0.1015625
32 0.4515625 0.61328125 0.065625 0.0984375
32 0.396875 0.62109375 0.065625 0.0984375
10 0.34296875 0.6296875 0.065625 0.1
10 0.28671875 0.63984375 0.0671875 0.1
10 0.2328125 0.64609375 0.0640625 0.1
10 0.178125 0.65390625 0.0671875 0.096875
30 0.121875 0.66171875 0.06875 0.0984375
40 0.0671875 0.67265625 0.05625 0.09375