34 0.8375 0.81875 0.06875 0.125
34 0.78359375 0.80703125 0.0734375 0.1296875
34 0.72890625 0.79453125 0.0828125 0.140625
19 0.6796875 0.77890625 0.075 0.134375
19 0.63125 0.76015625 0.08125 0.1390625
21 0.57734375 0.75234375 0.0796875 0.1328125
22 0.5265625 0.7390625 0.0796875 0.1375
23 0.47578125 0.72734375 0.0796875 0.1375
22 0.42421875 0.71328125 0.084375 0.1421875
22 0.37265625 0.7015625 0.084375 0.140625
22 0.321875 0.68984375 0.084375 0.14375
18 0.271875 0.6765625 0.0859375 0.14375
19 0.21953125 0.6625 0.084375 0.140625
20 0.16953125 0.65078125 0.08125 0.1390625
30 0.1203125 0.63671875 0.0828125 0.1375
28 0.0671875 0.6234375 0.0875 0.1421875
39 0.02734375 0.60859375 0.0546875 0.1359375