41 0.95234375 0.5453125 0.05703125 0.14609375
5 0.88671875 0.5453125 0.05390625 0.14921875
4 0.8234375 0.54765625 0.0578125 0.14921875
3 0.76015625 0.5453125 0.05625 0.14609375
8 0.696875 0.5484375 0.05859375 0.15
7 0.63359375 0.54921875 0.05859375 0.15390625
6 0.57109375 0.5515625 0.0578125 0.1515625
7 0.50859375 0.5515625 0.059375 0.15
6 0.44453125 0.5515625 0.05390625 0.14609375
5 0.384375 0.55078125 0.05703125 0.14921875
4 0.32265625 0.5515625 0.053125 0.1453125
4 0.259375 0.55234375 0.0515625 0.14765625
34 0.1984375 0.5484375 0.04765625 0.13984375
34 0.1375 0.55703125 0.05 0.140625
34 0.075 0.55234375 0.05 0.14765625