1 0.505351296875 0.13126675625 0.5468192640625 0.11032529843750001 0.5455937 0.1040203234375 0.523693359375 0.075533621875 0.48380356874999997 0.098589453125 0.5027713625 0.13176824375 0.505351296875 0.13126675625
22 0.6265334078125 0.080651678125 0.64347 0.058899471875 0.6427074 0.054976237500000004 0.5988973328125 0.027456254687499997 0.579053084375 0.05249797187500001 0.6247342828125 0.0810013921875 0.6265334078125 0.080651678125
9 0.7105278921875 0.11685238281250002 0.7336222109375 0.0886850796875 0.7326722546875 0.0837979796875 0.6961578828125 0.061194587499999994 0.6720773359375001 0.094776075 0.7063162921874999 0.11767103593749999 0.7105278921875 0.11685238281250002
7 0.46467424375000005 0 0.45251057812499995 0.018058053125 0.4851763296875 0.031724957812499996 0.48717303593750005 0.0313368375 0.5029988375000001 0 0.46467424375000005 0
0 0.6008252187500001 0.1620525953125 0.6064368375 0.1609618078125 0.6272364125000001 0.1327646921875 0.5853347984374999 0.09811813281250001 0.55981606875 0.12608105 0.6008252187500001 0.1620525953125
17 0.3096508609375 0.1963667296875 0.31450201718750004 0.151668090625 0.3128020375 0.1429224453125 0.27742798125 0.14000280781250002 0.2676463234375 0.19321660937500001 0.3051084609375 0.1972496828125 0.3096508609375 0.1963667296875
6 0.3203851421875 0.1369773828125 0.3584058796875 0.1073029109375 0.3583673875 0.1071048859375 0.336414740625 0.080023259375 0.29725937343750003 0.110369278125 0.3179572765625 0.1374493125 0.3203851421875 0.1369773828125
18 0.73829993125 0.17923031250000002 0.775355446875 0.179063190625 0.7904145687499999 0.17613599375 0.78676495625 0.1573603671875 0.7818442218749999 0.139591471875 0.72649084375 0.1387081234375 0.73829993125 0.17923031250000002
25 0.4824796421875 0.1723226875 0.486655459375 0.171510990625 0.5172433828125 0.1547021953125 0.5171607875 0.1542772859375 0.48673380312500003 0.1132046921875 0.4523184359375 0.1318673625 0.45234523906249996 0.13200524687499998 0.4824796421875 0.1723226875
16 0.7579167453125 0.287508090625 0.76714555625 0.285714190625 0.7574653375 0.2359137796875 0.69244044375 0.2314284984375 0.7028347984375001 0.284196575 0.7579167453125 0.287508090625
4 0.5545286671875 0.09783147187499999 0.5913983171874999 0.085811309375 0.5908829875 0.0831601703125 0.576232971875 0.05420131406249999 0.531136565625 0.06598940625000001 0.5442896937499999 0.0998217265625 0.5545286671875 0.09783147187499999
15 0.44528386875 0.1095160390625 0.47919358437500004 0.08997403125 0.478147621875 0.084593021875 0.46084482812500005 0.0600610765625 0.41851779999999994 0.083780203125 0.4365498328125 0.11121376406250001 0.44528386875 0.1095160390625
20 0.46096544218749996 0.0289536421875 0.4608007234375 0.028106231250000002 0.43157315625 0.0103094625 0.4312701296875 0.010368365625 0.40439729375000005 0.0479925859375 0.43753751875 0.064861178125 0.4389672671875 0.0645832625 0.46096544218749996 0.0289536421875
10 0.49662314375000005 0.08839448125 0.521429503125 0.0697832921875 0.52033948125 0.0641756203125 0.4912619546875 0.0331207609375 0.4621820828125 0.05349079531249999 0.49500980468750005 0.0887080828125 0.49662314375000005 0.08839448125
10 0.8459952562499999 0.1541899890625 0.852746878125 0.15287760625 0.8429933281249999 0.10269994062500001 0.7982123515625 0.0964885046875 0.8076127124999999 0.14815119062499998 0.8459952562499999 0.1541899890625
23 0.6861773171875 0.073889140625 0.6854508390625 0.070151734375 0.6541841796875 0.0498089953125 0.6538258796875 0.049878640625 0.6282361953125 0.0830935640625 0.661655115625 0.1040678609375 0.6625658390625 0.10389083437499999 0.6861773171875 0.073889140625
23 0.65064363125 0.18579551875 0.67866811875 0.1499011046875 0.6783313828125 0.14816875625 0.6435187171875 0.1239553984375 0.6146200234375 0.16052933593750002 0.64923110625 0.18607008593750002 0.65064363125 0.18579551875
12 0.7214447671875 0.1324921859375 0.720860653125 0.129487178125 0.673839865625 0.098515896875 0.6724693234375 0.098782303125 0.652560103125 0.1256351375 0.6988940390625 0.16049914062499998 0.7003790671875 0.16021048124999998 0.7214447671875 0.1324921859375
12 0.632469240625 0.13361719375 0.655800621875 0.10595739062500001 0.6557701765624999 0.10580076093749999 0.6077556984375 0.07345765625 0.585989471875 0.098154834375 0.630054259375 0.13408661875 0.632469240625 0.13361719375
20 0.5565188531249999 0 0.54115334375 0.0217585953125 0.5787325875 0.043782615625 0.581146121875 0.043313471874999995 0.598137178125 0.0222139390625 0.5975537328125 0.0192123734375 0.56319270625 0 0.5565188531249999 0
20 0.5651758499999999 0.22932819843750002 0.561130828125 0.20851837187500002 0.5547363578125 0.1878880734375 0.5001776265625 0.200656365625 0.5111573 0.23898977656249998 0.5651758499999999 0.22932819843750002
5 0.194855834375 0.1199924421875 0.23579920781250002 0.09889637812499999 0.23349654531250003 0.08705020625 0.2235884234375 0.0682960015625 0.1810584703125 0.0923310515625 0.19176061718749998 0.12059409218749999 0.194855834375 0.1199924421875
5 0.5418314390625001 0.1751115703125 0.5723460921875 0.1597612765625 0.571337959375 0.154574884375 0.546787815625 0.1145479671875 0.5131573515625 0.128178834375 0.538278240625 0.1758022421875 0.5418314390625001 0.1751115703125
8 0.440280209375 0.226686025 0.48037654375 0.2188920875 0.47175414531250004 0.174533696875 0.4695069796875 0.165267453125 0.428971671875 0.1719814703125 0.440280209375 0.226686025
8 0.39970303125 0.248899134375 0.40488954218749995 0.247890978125 0.4295632734375 0.2195226296875 0.42928501093750004 0.21809109062499998 0.3894952484375 0.1837644484375 0.36314279374999997 0.21356039375 0.3632911734375 0.2143237421875 0.39970303125 0.248899134375
37 0.41702590156249997 0.1166005765625 0.416669740625 0.1040582515625 0.413181028125 0.08611037656250001 0.367809584375 0.088493421875 0.36649630312500003 0.12130751875000001 0.40165581093749997 0.11958822031250001 0.41702590156249997 0.1166005765625
31 0.904856715625 0.24780363906249997 0.9456275249999999 0.237643878125 0.9454316171875 0.2366360234375 0.914813009375 0.190319884375 0.86029163125 0.20279580468749997 0.8876095078124999 0.25115615625 0.904856715625 0.24780363906249997
35 0.3490254359375 0.08206618437499999 0.3962836234375 0.07288012187500001 0.3958008515625 0.0703964796875 0.3884980453125 0.0449041359375 0.34372472656249997 0.055531709375 0.3490254359375 0.08206618437499999
35 0.7892158078125 0.13498364375 0.78826616875 0.1159505328125 0.783520403125 0.09153568437500001 0.7439826468749999 0.082106884375 0.7447274828125 0.12710624375 0.7836194859375001 0.136071459375 0.7892158078125 0.13498364375
33 0.6404981921874999 0 0.6235660453125 0.01896334375 0.6608179109375001 0.04374429375 0.6680344140625001 0.042341546875000004 0.683461921875 0.027164378125 0.682982521875 0.024698078125 0.6479362484375 0 0.6404981921874999 0
33 0.740551090625 0.2240303484375 0.7411361249999999 0.19285135312499999 0.7390733703125 0.18223940156250001 0.681672909375 0.16611600937499998 0.679143315625 0.206526821875 0.738219890625 0.2244834875 0.740551090625 0.2240303484375
13 0.8153790859375001 0.1898376234375 0.7592913359375 0.194919696875 0.758051565625 0.1951606828125 0.7706912296875 0.23256113906250003 0.8330041906250001 0.23146426406249998 0.8319989375000001 0.22629268749999998 0.8153790859375001 0.1898376234375
13 0.48642873125 0.306853371875 0.4860316578125 0.27255158281249997 0.4833644140625 0.2588298015625 0.42625134062500003 0.25246466875 0.42456192656249997 0.302635384375 0.48151680468749997 0.3078081546875 0.48642873125 0.306853371875
32 0.6198788609375 0.1831981046875 0.6178335953125 0.172676125 0.57832408125 0.162267734375 0.57138719375 0.2150978640625 0.6183316 0.22826439999999998 0.6198788609375 0.1831981046875
32 0.6208578453125 0.2918652140625 0.635666834375 0.2889866375 0.6243831109375 0.23093691718749998 0.5786234921875 0.23231205625 0.588024296875 0.292187190625 0.6208578453125 0.2918652140625
16 1 0.5964824359375 0.9587529984375 0.5136628671875 0.9015853421875001 0.524880503125 0.949968328125 0.63378755 1 0.624062378125 1 0.5964824359375
16 0.888679928125 0.6457008078124999 0.947896334375 0.6341903046875 0.9468225828125 0.628666328125 0.8999241703124999 0.522945246875 0.8427565124999999 0.5341628828125 0.888679928125 0.6457008078124999
15 0.8831760734375 0.636974934375 0.8408272218749999 0.5340298234375 0.783604421875 0.545152809375 0.8267376109375 0.65933291875 0.8727384234375 0.6503912671875 0.8852754031250001 0.64777505 0.8831760734375 0.636974934375
14 0.8117027703125 0.6638471406249999 0.824158478125 0.66090841875 0.822441028125 0.652072909375 0.7813506546875 0.54310698125 0.7218880515625 0.5549814453125 0.76212225625 0.6734846171875 0.8117027703125 0.6638471406249999
13 0.6996639296875 0.688808775 0.7619662093749999 0.6766984390624999 0.7607823421875 0.6706079734375 0.7236769140625 0.557466409375 0.6642143093749999 0.5693408734375 0.6996639296875 0.688808775
12 0.6319854140625 0.7003724015625 0.6972487859375 0.6876864874999999 0.696155609375 0.6820625796875001 0.66158898125 0.566688775 0.602612309375 0.5797889875 0.6319854140625 0.7003724015625
11 0.6203796390625 0.705811825 0.6303381265625 0.7037689484375 0.6271318375 0.6872740234375 0.6001160171875 0.577635853125 0.58303585 0.5809559015625 0.5414096890625 0.590202125 0.5489177765625 0.6288278859374999 0.5668075015625 0.7162251937499999 0.6203796390625 0.705811825
10 0.56436783125 0.716500340625 0.54048728125 0.5936455609375 0.5396981296875001 0.5898137078125 0.48072145624999996 0.6029139203125 0.50426626875 0.7298648640625001 0.56436783125 0.716500340625
16 0.5009241859375 0.72733935 0.4981610265625 0.711637365625 0.47683493437499996 0.6019241390625 0.4198015875 0.6145926890625 0.43816979062500006 0.74122983125 0.4463894421875 0.7396320937499999 0.5009241859375 0.72733935
15 0.4268612296875 0.6723844015625 0.4156710859375 0.6148161046875 0.3595631515625 0.624968978125 0.373081621875 0.7506982 0.43672136562499997 0.7383278875 0.4268612296875 0.6723844015625
14 0.358408475 0.647778203125 0.3542972984375 0.6266280281250001 0.29727835156250004 0.6369457546875 0.3073197359375 0.7666645062499999 0.37086993125 0.7543115984375001 0.358408475 0.647778203125
11 0.299328209375 0.663200453125 0.29501024375 0.6409864515625 0.23721547968749998 0.6520989968750001 0.244271725 0.7821032875 0.3074585328125 0.769821015625 0.299328209375 0.663200453125
11 0.2363350515625 0.6830590828124999 0.23127882500000002 0.657047046875 0.1760956 0.66703259375 0.176844546875 0.7968015484375 0.24246700781250002 0.7840458328125 0.2363350515625 0.6830590828124999
11 0.1742495859375 0.6830209265625 0.17158418125 0.6693086078125 0.1135278859375 0.676972090625 0.11103118125 0.8095943703125 0.17434362187500002 0.797287678125 0.1742495859375 0.6830209265625
28 0.111334353125 0.811894228125 0.11390210781250001 0.68373511875 0.11322217187500001 0.680237153125 0.052700109375000005 0.69200145 0.044774659375 0.7765796171875 0.053966981250000004 0.8238700171875 0.0831944140625 0.8181887796874999 0.111334353125 0.811894228125