26 0.95078125 0.56875 0.06875 0.0953125
25 0.88828125 0.5625 0.0625 0.0953125
24 0.83125 0.55390625 0.0640625 0.0921875
23 0.77578125 0.54453125 0.0578125 0.0890625
22 0.71875 0.534375 0.0640625 0.09375
21 0.66015625 0.53046875 0.0625 0.090625
19 0.5734375 0.51640625 0.0609375 0.09375
19 0.515625 0.50859375 0.0546875 0.09375
24 0.39453125 0.49765625 0.0625 0.0953125
23 0.33828125 0.49140625 0.0640625 0.09375
22 0.27734375 0.478125 0.0625 0.0890625
31 0.15546875 0.46640625 0.0578125 0.084375
31 0.0953125 0.46171875 0.0625 0.090625
31 0.0359375 0.4515625 0.0578125 0.0875