37 0.77265625 0.21640625 0.075 0.0984375
37 0.725 0.23828125 0.0765625 0.1
37 0.66796875 0.25 0.071875 0.096875
31 0.56015625 0.42734375 0.075 0.1125
31 0.5015625 0.46015625 0.0796875 0.1234375
17 0.44140625 0.49921875 0.0859375 0.1296875
17 0.3734375 0.52265625 0.0875 0.134375
17 0.303125 0.5484375 0.09375 0.1375
16 0.62421875 0.28359375 0.071875 0.109375
16 0.5734375 0.303125 0.065625 0.1046875
16 0.5140625 0.32109375 0.065625 0.109375
16 0.4609375 0.3484375 0.0796875 0.1140625
10 0.403125 0.3765625 0.0765625 0.1109375
10 0.3390625 0.39609375 0.084375 0.11875
10 0.26953125 0.4203125 0.0875 0.1234375
41 0.1078125 0.44140625 0.0875 0.1265625
27 0.0375 0.45546875 0.075 0.1296875
30 0.18359375 0.421875 0.090625 0.1328125