38 0.12421875 0.6796875 0.06875 0.078125
27 0.07421875 0.68984375 0.0578125 0.075
6 0.17421875 0.671875 0.05625 0.078125
6 0.22109375 0.6625 0.0578125 0.078125
6 0.26953125 0.65 0.0578125 0.08125
37 0.31640625 0.64296875 0.0578125 0.0765625
37 0.36796875 0.63515625 0.059375 0.078125
37 0.41875 0.6234375 0.0609375 0.08125
37 0.471875 0.6140625 0.059375 0.078125
24 0.528125 0.60234375 0.0578125 0.0765625
24 0.58515625 0.59140625 0.0640625 0.0875
24 0.64140625 0.58203125 0.0640625 0.0875
12 0.70078125 0.571875 0.0625 0.0875
12 0.759375 0.5625 0.06875 0.0890625
32 0.8203125 0.546875 0.065625 0.084375
32 0.88359375 0.5359375 0.065625 0.0875
32 0.9546875 0.52578125 0.0734375 0.09375