0 0.1671875 0.39140625 0.0484375 0.0625
0 0.21640625 0.396875 0.05 0.065625
0 0.27109375 0.40234375 0.046875 0.065625
7 0.32578125 0.40703125 0.05 0.0671875
7 0.3796875 0.415625 0.0515625 0.06875
7 0.43515625 0.4203125 0.0453125 0.065625
8 0.48984375 0.4265625 0.0484375 0.0671875
8 0.55078125 0.43359375 0.0515625 0.06875
11 0.60703125 0.43828125 0.05 0.0703125
11 0.66875 0.4421875 0.0515625 0.0734375
11 0.7296875 0.44765625 0.0515625 0.075
17 0.79296875 0.453125 0.053125 0.0734375
17 0.85859375 0.4609375 0.0515625 0.071875
17 0.92265625 0.4703125 0.053125 0.0703125
29 0.10333293125000001 0.3548016578125 0.1034093328125 0.3539283921875 0.061222909375 0.3476049734375 0.029162107812499997 0.40234215625 0.074960909375 0.4063490328125 0.10333293125000001 0.3548016578125
40 0.12563794687500002 0.4123511671875 0.151013678125 0.3655662125 0.15144394375 0.36064825312500004 0.10880622031250001 0.3537627234375 0.0782731421875 0.408048875 0.081332875 0.408474975 0.12563794687500002 0.4123511671875
1 0.249026528125 0.141658059375 0.24931209999999998 0.1383939609375 0.20419481093749997 0.134610703125 0.19211921406250002 0.1546648171875 0.23979340312500003 0.1588357671875 0.249026528125 0.141658059375
18 0.633486240625 0.12161661875 0.6339233156249999 0.11662082968750001 0.5965421156249999 0.0969131546875 0.575285490625 0.11825021875 0.615937196875 0.139970303125 0.633486240625 0.12161661875
21 0.59950885 0.0946302140625 0.61973926875 0.0815407796875 0.620078178125 0.07766702343750001 0.58940114375 0.058757356250000004 0.5650617546875 0.076810728125 0.59806035 0.09450348593749999 0.59950885 0.0946302140625
21 0.696742209375 0.16901270625 0.723557009375 0.14983595 0.7236153937500001 0.149168615625 0.69123363125 0.123644253125 0.661303403125 0.139457784375 0.6934378421875 0.1687236125 0.696742209375 0.16901270625
21 0.8246829140624999 0.0735502109375 0.8591817296875 0.051780145312500005 0.8593097296875 0.05031709375 0.83240486875 0.036177154687500004 0.7953914015625 0.054295453125000004 0.82250985 0.0733600921875 0.8246829140624999 0.0735502109375
24 0.8003590609375 0.1294554828125 0.8178725546875001 0.1116096015625 0.81804766875 0.1096080328125 0.7718953859375 0.087749046875 0.754966471875 0.10805721718750001 0.7930314609375 0.12881440156249999 0.8003590609375 0.1294554828125
22 0.7379125875 0.0941912234375 0.7628991234375 0.076634746875 0.7629564953125 0.07597898125 0.7237039875 0.051758525 0.697621 0.07229037499999999 0.7319533515625001 0.09366985781250001 0.7379125875 0.0941912234375
23 0.6560568531250001 0.060365809375 0.6753797593749999 0.0551080734375 0.6757041171875 0.0514006421875 0.6570119765625 0.026806678125 0.6257244484375 0.0370653421875 0.64596080625 0.059482520312499995 0.6560568531250001 0.060365809375
34 0.7432276812499999 0.047602178125 0.7459421453124999 0.047839664062499995 0.7559929125 0.0300793671875 0.7563337765625 0.026183267187499998 0.7130633265624999 0.016730706249999998 0.71073645 0.01652713125 0.703550721875 0.032162470312500004 0.7432276812499999 0.047602178125
14 0.731006003125 0.13750409375 0.7528672796875 0.1195885328125 0.7531961609375 0.1158294078125 0.7146385078125 0.09641442812499999 0.6918185984375 0.11233775625 0.72588926875 0.13705643750000002 0.731006003125 0.13750409375
15 0.6706698515625 0.1181091484375 0.6887499625 0.0994903921875 0.6892592328125 0.093669415625 0.6537849265625 0.0712810546875 0.628909909375 0.0926049421875 0.6702175328125 0.118069575 0.6706698515625 0.1181091484375
1 0.790550753125 0.0474179984375 0.7908080265625 0.04447735 0.7571874484375 0.033138815625 0.7560195843749999 0.033036640625 0.7422980109374999 0.0625492140625 0.7793335609375001 0.0742880609375 0.7816880578125 0.074494053125 0.790550753125 0.0474179984375