17 0.8828125 0.64921875 0.065625 0.109375
16 0.8234375 0.64375 0.065625 0.10625
17 0.70234375 0.63359375 0.06875 0.109375
16 0.640625 0.62734375 0.0671875 0.1078125
15 0.76328125 0.6375 0.0640625 0.1078125
15 0.58046875 0.621875 0.071875 0.109375
13 0.51953125 0.6140625 0.0671875 0.1078125
13 0.459375 0.609375 0.06875 0.109375
12 0.3984375 0.603125 0.0703125 0.109375
12 0.3375 0.5984375 0.0703125 0.1125
12 0.27578125 0.59296875 0.0734375 0.109375
11 0.2140625 0.58671875 0.0703125 0.109375
10 0.15078125 0.58203125 0.0765625 0.109375
9 0.08828125 0.57421875 0.06875 0.10625