26 0.2328125 0.56640625 0.0609375 0.0734375
26 0.28359375 0.5625 0.0546875 0.0640625
26 0.334375 0.55859375 0.059375 0.0671875
20 0.38828125 0.55546875 0.0453125 0.0625
20 0.4390625 0.54921875 0.0515625 0.0640625
20 0.490625 0.54453125 0.046875 0.065625
1 0.5453125 0.5390625 0.0453125 0.0625
1 0.59765625 0.53359375 0.040625 0.059375
1 0.6546875 0.53046875 0.0453125 0.065625
10 0.71484375 0.52578125 0.0484375 0.0640625
10 0.77109375 0.5203125 0.053125 0.0625
10 0.82890625 0.51640625 0.05625 0.065625
31 0.89453125 0.51015625 0.053125 0.0640625
31 0.95390625 0.50703125 0.0625 0.06875