35 0.86640625 0.57265625 0.0515625 0.13828125
35 0.80703125 0.575 0.04921875 0.13984375
35 0.75 0.578125 0.04765625 0.13984375
31 0.69375 0.58046875 0.05 0.1390625
31 0.6359375 0.58203125 0.04921875 0.13828125
18 0.5796875 0.5828125 0.04921875 0.13828125
18 0.525 0.584375 0.04921875 0.1328125
18 0.46953125 0.5859375 0.04921875 0.1328125
8 0.41328125 0.58984375 0.05 0.13671875
8 0.36015625 0.58984375 0.04921875 0.1390625
8 0.30625 0.59375 0.04921875 0.13359375
9 0.25390625 0.5953125 0.05 0.1328125
9 0.2015625 0.5953125 0.04765625 0.12890625
9 0.14609375 0.596875 0.05 0.1296875
41 0.09453125 0.596875 0.04609375 0.13203125
27 0.04140625 0.59453125 0.04140625 0.13359375