16 0.8609375 0.63671875 0.0625 0.1015625
16 0.80390625 0.63125 0.065625 0.1046875
16 0.74375 0.62421875 0.0640625 0.1046875
15 0.684375 0.61953125 0.0671875 0.1046875
15 0.62578125 0.61328125 0.06875 0.10625
15 0.565625 0.60625 0.06875 0.10625
14 0.50703125 0.5984375 0.0671875 0.10625
14 0.44765625 0.59296875 0.06875 0.1078125
12 0.38828125 0.5859375 0.0703125 0.10625
12 0.32890625 0.5796875 0.0703125 0.10625
12 0.26875 0.5734375 0.071875 0.1109375
10 0.20703125 0.565625 0.071875 0.1078125
10 0.146875 0.559375 0.0734375 0.109375
10 0.0859375 0.55234375 0.0671875 0.1109375