17 0.85 0.4984375 0.0484375 0.090625
17 0.7953125 0.5 0.0484375 0.0921875
17 0.7375 0.49921875 0.0515625 0.0921875
16 0.68125 0.50078125 0.0515625 0.09375
16 0.6234375 0.5015625 0.0546875 0.09375
16 0.5671875 0.503125 0.0546875 0.0953125
15 0.51015625 0.503125 0.053125 0.0921875
14 0.453125 0.50390625 0.0515625 0.09375
12 0.396875 0.50234375 0.0546875 0.0921875
11 0.33671875 0.503125 0.053125 0.0953125
10 0.27890625 0.5046875 0.05 0.0921875
9 0.2203125 0.50625 0.0515625 0.09375
9 0.16328125 0.50703125 0.05 0.0890625
9 0.103125 0.50546875 0.0515625 0.0984375