31 0.11875 0.71328125 0.0546875 0.09296875
31 0.18125 0.71015625 0.05078125 0.0921875
31 0.246875 0.70859375 0.053125 0.09921875
24 0.31015625 0.70625 0.0546875 0.09921875
24 0.37109375 0.70078125 0.053125 0.0953125
24 0.4328125 0.70078125 0.053125 0.096875
24 0.49296875 0.69453125 0.0484375 0.09140625
23 0.55546875 0.69921875 0.05 0.09609375
23 0.615625 0.69765625 0.04609375 0.08984375
23 0.67421875 0.6921875 0.05 0.0953125
21 0.73828125 0.6921875 0.0515625 0.08828125
21 0.79609375 0.690625 0.0515625 0.0875
25 0.853125 0.6859375 0.05078125 0.090625
25 0.9125 0.68359375 0.046875 0.0890625