36 0.85859375 0.58515625 0.04375 0.09375
36 0.81328125 0.58828125 0.040625 0.0984375
34 0.77109375 0.59296875 0.0453125 0.103125
34 0.72421875 0.5953125 0.0421875 0.1015625
34 0.67890625 0.59453125 0.0421875 0.1015625
7 0.63203125 0.59296875 0.04375 0.0953125
7 0.5859375 0.58828125 0.0421875 0.090625
7 0.5390625 0.59296875 0.04375 0.1
1 0.4921875 0.5953125 0.0359375 0.0953125
1 0.44765625 0.59140625 0.034375 0.096875
1 0.40390625 0.5890625 0.0375 0.0953125
0 0.35703125 0.59296875 0.04375 0.090625
0 0.309375 0.5953125 0.0453125 0.09375
0 0.26328125 0.5953125 0.040625 0.1015625
0 0.21875 0.59296875 0.0421875 0.0890625
39 0.1703125 0.59609375 0.0484375 0.1
38 0.12578125 0.5984375 0.040625 0.0984375