38 0.034375 0.61328125 0.05625 0.090625
41 0.09375 0.6171875 0.0640625 0.0953125
39 0.146875 0.621875 0.059375 0.090625
3 0.20390625 0.62734375 0.059375 0.0875
3 0.25703125 0.6296875 0.0515625 0.084375
3 0.3109375 0.6359375 0.059375 0.0875
30 0.36015625 0.6390625 0.0546875 0.0875
35 0.41640625 0.6453125 0.053125 0.078125
35 0.4703125 0.64609375 0.053125 0.0875
35 0.51953125 0.64765625 0.0515625 0.08125
7 0.5734375 0.65625 0.059375 0.0890625
6 0.62421875 0.65859375 0.0546875 0.0859375
5 0.67734375 0.665625 0.0578125 0.0875
5 0.7296875 0.6703125 0.0625 0.0890625
4 0.78203125 0.67421875 0.0578125 0.084375
2 0.83203125 0.67109375 0.0515625 0.08125
1 0.88203125 0.67890625 0.05 0.0796875