37 0.921875 0.38515625 0.0828125 0.1171875
37 0.85859375 0.40078125 0.08125 0.1171875
37 0.796875 0.41796875 0.08125 0.11875
7 0.73203125 0.43359375 0.0796875 0.115625
7 0.6671875 0.45 0.0859375 0.1203125
7 0.60234375 0.46875 0.078125 0.115625
4 0.53828125 0.48359375 0.08125 0.1140625
3 0.4734375 0.5 0.084375 0.115625
2 0.40703125 0.5171875 0.08125 0.1140625
1 0.34296875 0.5328125 0.08125 0.1140625
1 0.2734375 0.5515625 0.08125 0.1109375
1 0.209375 0.56953125 0.0828125 0.1140625
0 0.14140625 0.58515625 0.0875 0.1203125
0 0.06953125 0.60234375 0.078125 0.1109375