41 0.109375 0.603125 0.05625 0.0640625
40 0.0578125 0.6125 0.0640625 0.0703125
22 0.925 0.51328125 0.065625 0.0796875
22 0.865625 0.51953125 0.0578125 0.071875
22 0.80703125 0.52890625 0.059375 0.0734375
18 0.74921875 0.53515625 0.0625 0.0734375
18 0.6921875 0.53984375 0.0578125 0.0703125
1 0.63515625 0.546875 0.05625 0.06875
1 0.578125 0.5515625 0.0546875 0.06875
1 0.52421875 0.55703125 0.05 0.071875
4 0.4703125 0.5609375 0.0515625 0.065625
4 0.41640625 0.5703125 0.0515625 0.0703125
4 0.365625 0.57734375 0.0546875 0.071875
21 0.3109375 0.58203125 0.053125 0.05625
21 0.2609375 0.5875 0.046875 0.0515625
21 0.2109375 0.59296875 0.0515625 0.05625
21 0.159375 0.59921875 0.0515625 0.0578125