27 0.0515625 0.47421875 0.0484375 0.0640625
28 0.1078125 0.4765625 0.0484375 0.0671875
6 0.16171875 0.4765625 0.05 0.0609375
6 0.21875 0.47890625 0.0515625 0.0625
6 0.27578125 0.48125 0.0515625 0.0640625
0 0.33515625 0.4828125 0.0484375 0.0625
0 0.39140625 0.484375 0.05 0.065625
0 0.45 0.4875 0.0515625 0.0703125
16 0.50546875 0.4875 0.046875 0.0609375
16 0.5625 0.48671875 0.0453125 0.065625
16 0.62109375 0.490625 0.05 0.0671875
18 0.68125 0.4890625 0.0546875 0.0671875
18 0.74296875 0.48984375 0.05625 0.065625
25 0.803125 0.49140625 0.0546875 0.065625
25 0.86484375 0.49140625 0.05625 0.065625
25 0.9296875 0.4921875 0.0546875 0.0625