27 0.10703125 0.60078125 0.0578125 0.0875
40 0.15546875 0.59921875 0.0546875 0.0859375
29 0.2046875 0.58984375 0.053125 0.08125
25 0.25390625 0.58203125 0.0484375 0.0765625
25 0.30625 0.57421875 0.05 0.0796875
25 0.35546875 0.56796875 0.0515625 0.0796875
19 0.40703125 0.5609375 0.0484375 0.075
19 0.45625 0.55390625 0.0484375 0.078125
19 0.50859375 0.5484375 0.046875 0.075
35 0.55703125 0.5390625 0.05 0.0734375
35 0.60703125 0.53046875 0.0484375 0.0703125
35 0.65625 0.5234375 0.046875 0.0703125
31 0.7078125 0.515625 0.0515625 0.075
31 0.759375 0.50859375 0.0546875 0.0765625
31 0.81171875 0.49921875 0.0546875 0.075
33 0.86015625 0.49296875 0.0515625 0.0671875
33 0.91640625 0.48359375 0.0484375 0.0671875