25 0.89453125 0.47421875 0.0703125 0.0796875
24 0.81953125 0.47265625 0.0734375 0.0796875
23 0.74609375 0.47265625 0.0609375 0.0828125
20 0.6765625 0.47265625 0.0703125 0.0875
19 0.6 0.46953125 0.059375 0.08125
18 0.5296875 0.4640625 0.0609375 0.078125
19 0.45390625 0.465625 0.0515625 0.071875
19 0.384375 0.4640625 0.0546875 0.0765625
26 0.66875 0.3484375 0.0625 0.0703125
25 0.60078125 0.3484375 0.0546875 0.0765625
24 0.5359375 0.34921875 0.0625 0.0796875
37 0.4671875 0.34453125 0.05625 0.0734375
37 0.4015625 0.3421875 0.0546875 0.0765625
37 0.3375 0.33984375 0.0515625 0.075
40 0.26875 0.3421875 0.0625 0.08125
39 0.20234375 0.34140625 0.0609375 0.0765625