14 0.95078125 0.58515625 0.075 0.103125
14 0.89609375 0.59921875 0.0734375 0.1015625
14 0.840625 0.6125 0.071875 0.0984375
29 0.78359375 0.6265625 0.0734375 0.1015625
32 0.7296875 0.640625 0.0765625 0.1015625
32 0.675 0.6578125 0.075 0.1046875
32 0.6203125 0.671875 0.071875 0.1
15 0.56484375 0.68515625 0.075 0.1015625
15 0.5109375 0.7 0.075 0.1046875
15 0.45703125 0.71640625 0.0734375 0.1015625
16 0.4015625 0.73046875 0.0734375 0.0984375
16 0.34609375 0.74296875 0.0703125 0.1015625
16 0.2921875 0.75859375 0.071875 0.0984375
16 0.2375 0.7734375 0.0703125 0.0984375
9 0.18125 0.7875 0.0703125 0.1
9 0.1265625 0.803125 0.06875 0.0984375