28 0.11640625 0.5078125 0.0578125 0.090625
22 0.171875 0.5140625 0.0578125 0.08125
23 0.22421875 0.51875 0.0515625 0.0828125
24 0.27578125 0.52421875 0.0609375 0.0859375
19 0.33125 0.52890625 0.053125 0.08125
20 0.3828125 0.53203125 0.059375 0.0828125
21 0.4359375 0.5390625 0.053125 0.0765625
34 0.48671875 0.54296875 0.0578125 0.0828125
34 0.5390625 0.5484375 0.05625 0.078125
34 0.590625 0.55390625 0.046875 0.0765625
33 0.640625 0.55625 0.053125 0.0734375
33 0.6921875 0.56328125 0.0546875 0.075
33 0.74453125 0.56953125 0.05 0.06875
36 0.7953125 0.575 0.0515625 0.0703125
36 0.84765625 0.57734375 0.040625 0.06875