11 0.875 0.41796875 0.065625 0.1328125
11 0.81953125 0.4265625 0.065625 0.134375
12 0.765625 0.43359375 0.0671875 0.1359375
13 0.71171875 0.44375 0.06875 0.1359375
14 0.659375 0.4515625 0.0703125 0.1359375
15 0.60625 0.45859375 0.06875 0.1328125
16 0.55546875 0.46484375 0.0671875 0.1359375
17 0.503125 0.475 0.06875 0.1359375
32 0.45234375 0.48203125 0.06875 0.134375
32 0.40234375 0.4890625 0.0640625 0.13125
32 0.35234375 0.49609375 0.06875 0.1296875
35 0.30078125 0.50234375 0.065625 0.1296875
35 0.2515625 0.509375 0.0625 0.1328125
35 0.2015625 0.51796875 0.0640625 0.1328125
29 0.15234375 0.52578125 0.0609375 0.128125
41 0.10390625 0.53203125 0.065625 0.1296875
40 0.05859375 0.5375 0.059375 0.128125