37 0.87109375 0.4265625 0.0796875 0.1140625
37 0.81171875 0.44140625 0.078125 0.1109375
37 0.75078125 0.4578125 0.08125 0.115625
36 0.690625 0.475 0.0828125 0.1140625
36 0.63125 0.49140625 0.0828125 0.1140625
36 0.5703125 0.50703125 0.08125 0.1140625
25 0.51171875 0.5234375 0.08125 0.1140625
25 0.4515625 0.53828125 0.0796875 0.1125
25 0.39296875 0.55546875 0.0828125 0.1109375
24 0.33203125 0.57109375 0.084375 0.1140625
23 0.27109375 0.58671875 0.0828125 0.1140625
19 0.21171875 0.6015625 0.0828125 0.115625
19 0.15 0.61875 0.08125 0.1125
19 0.0890625 0.63359375 0.078125 0.109375