18 0.11953125 0.51875 0.0578125 0.09375
19 0.18203125 0.51171875 0.0546875 0.0953125
20 0.24375 0.50859375 0.059375 0.09375
20 0.30625 0.503125 0.05625 0.0921875
21 0.3671875 0.4984375 0.0578125 0.090625
22 0.428125 0.49375 0.05625 0.09375
23 0.4890625 0.4921875 0.05625 0.0953125
23 0.5484375 0.48671875 0.053125 0.0921875
23 0.6078125 0.48203125 0.0515625 0.0921875
24 0.66796875 0.478125 0.05625 0.0921875
24 0.7265625 0.47421875 0.05625 0.0984375
24 0.78671875 0.47109375 0.05625 0.0953125
33 0.846875 0.46484375 0.0515625 0.08125
33 0.90625 0.46171875 0.046875 0.0828125