8 0.8984375 0.4890625 0.05625 0.1015625
8 0.8359375 0.48828125 0.05546875 0.10390625
8 0.771875 0.4890625 0.05859375 0.1046875
5 0.709375 0.4890625 0.059375 0.10546875
5 0.64609375 0.48984375 0.059375 0.10625
5 0.58359375 0.4890625 0.05859375 0.10546875
6 0.51953125 0.4875 0.059375 0.10234375
5 0.4578125 0.48984375 0.059375 0.1046875
4 0.39609375 0.4875 0.0609375 0.1046875
3 0.33359375 0.48828125 0.06171875 0.10546875
2 0.26953125 0.48671875 0.06171875 0.1015625
1 0.20546875 0.48984375 0.06171875 0.1015625
0 0.14375 0.48984375 0.05546875 0.103125
0 0.0796875 0.4875 0.05390625 0.103125