38 0.05703125 0.478125 0.053125 0.0859375
27 0.1125 0.48046875 0.05 0.0890625
32 0.16875 0.48359375 0.05 0.0796875
32 0.225 0.48671875 0.05 0.084375
32 0.28046875 0.48984375 0.0484375 0.084375
33 0.3390625 0.490625 0.05 0.08125
33 0.39609375 0.49453125 0.0484375 0.0859375
33 0.45 0.49609375 0.046875 0.084375
33 0.50546875 0.496875 0.0453125 0.0765625
14 0.5609375 0.5015625 0.046875 0.078125
14 0.61484375 0.50390625 0.0484375 0.0796875
12 0.6703125 0.50546875 0.046875 0.078125
12 0.728125 0.50703125 0.053125 0.08125
12 0.78359375 0.5109375 0.0453125 0.08125
16 0.8390625 0.51015625 0.046875 0.0796875
16 0.89453125 0.51484375 0.0484375 0.084375
16 0.94609375 0.5140625 0.046875 0.0796875