6 0.83359375 0.53828125 0.0890625 0.140625
5 0.7546875 0.54765625 0.09375 0.14375
4 0.6734375 0.559375 0.0921875 0.14375
6 0.59375 0.5703125 0.09375 0.14375
5 0.51484375 0.58046875 0.09375 0.1421875
4 0.43515625 0.5921875 0.09375 0.1453125
7 0.3546875 0.60390625 0.096875 0.14375
6 0.27109375 0.61484375 0.1 0.146875
5 0.1890625 0.6265625 0.0984375 0.1484375
7 0.65390625 0.42265625 0.09375 0.140625
7 0.57421875 0.43203125 0.0921875 0.1359375
2 0.4953125 0.44296875 0.0921875 0.1390625
2 0.41796875 0.45390625 0.0953125 0.140625
2 0.33828125 0.465625 0.0953125 0.140625