13 0.79140625 0.521875 0.1125 0.159375
13 0.709375 0.540625 0.1125 0.159375
12 0.62578125 0.5609375 0.1109375 0.1578125
11 0.54296875 0.5796875 0.1140625 0.159375
11 0.3765625 0.61953125 0.11875 0.1625
11 0.67265625 0.4 0.1109375 0.15625
11 0.428125 0.45546875 0.1125 0.15625
10 0.4609375 0.59921875 0.1140625 0.1625
10 0.29140625 0.63984375 0.1171875 0.159375
10 0.59140625 0.4171875 0.1109375 0.153125
10 0.34453125 0.475 0.115625 0.159375
9 0.20546875 0.66015625 0.115625 0.1609375
9 0.509375 0.43671875 0.1078125 0.1546875
9 0.259375 0.49375 0.1109375 0.15625