37 0.84375 0.30859375 0.059375 0.090625
37 0.79140625 0.315625 0.0609375 0.0921875
37 0.73359375 0.309375 0.0578125 0.0890625
31 0.57890625 0.44765625 0.0578125 0.10625
31 0.51328125 0.4625 0.059375 0.1171875
17 0.44375 0.48203125 0.065625 0.121875
17 0.37265625 0.484375 0.065625 0.1265625
17 0.29765625 0.48828125 0.071875 0.128125
16 0.68203125 0.3296875 0.053125 0.103125
16 0.62734375 0.3328125 0.0484375 0.0984375
16 0.565625 0.3328125 0.046875 0.1046875
16 0.50625 0.34375 0.0625 0.10625
10 0.44375 0.35390625 0.0578125 0.1046875
10 0.3765625 0.353125 0.065625 0.1109375
10 0.30234375 0.35703125 0.06875 0.115625
41 0.1421875 0.3296875 0.0671875 0.11875
27 0.06328125 0.31953125 0.071875 0.1203125
30 0.2203125 0.3328125 0.0703125 0.1234375