32 0.9503119703125 0.31889701718749996 0.9486636484375 0.311142275 0.8724273859375 0.3295479375 0.8850319671875001 0.454217953125 0.9573188187499999 0.440742053125 0.9503119703125 0.31889701718749996
34 0.8736341624999999 0.3489472125 0.8694916796875001 0.329458359375 0.79685565625 0.34527744375 0.8136368734375001 0.468492696875 0.8848800906250001 0.45468329687500003 0.8736341624999999 0.3489472125
36 0.797700053125 0.35243539375 0.7964526953125 0.3465670359375 0.7198753531250001 0.36444370312499996 0.7413628265625001 0.4854371125 0.8122251171875 0.4703748671875 0.797700053125 0.35243539375
35 0.7402890375 0.4920549828125 0.729654946875 0.42309925000000004 0.71731250625 0.36503263124999996 0.6430006734375 0.381553640625 0.6651638671875 0.5077587515624999 0.6924316609375001 0.50222738125 0.7402890375 0.4920549828125
26 0.6439753125000001 0.388253546875 0.6425673781250001 0.3816297359375 0.5679146546875 0.3979079125 0.592788765625 0.5186149109375 0.664917178125 0.5032835437500001 0.6439753125000001 0.388253546875
23 0.5636416984375 0.40110452343749997 0.4921757875 0.4161050796875 0.518685834375 0.537796159375 0.5896725968750001 0.5235702734375 0.5636416984375 0.40110452343749997
22 0.5144572125 0.537955 0.48874778125 0.41700163281249997 0.4167690890625 0.432725690625 0.44641604062500007 0.5529222093749999 0.49388599843750003 0.5428321578124999 0.5144572125 0.537955
21 0.3946105390625 0.5639338078125 0.441000196875 0.5530969828125001 0.4163064328125 0.43692195624999997 0.41550050625 0.4334929359375 0.3401564453125 0.45014215625 0.3704901453125 0.5690607562500001 0.3946105390625 0.5639338078125
19 0.37072404375 0.5690110390625 0.3394592359375 0.4482657875 0.26329373437500003 0.46510821875 0.2981690734375 0.584433075 0.37072404375 0.5690110390625
15 0.292892396875 0.5855546671875 0.29446600625 0.585167971875 0.2891723140625 0.5602631125 0.2619466015625 0.46523390468750003 0.18721163125 0.480863703125 0.2240305765625 0.6001916984375 0.292892396875 0.5855546671875
7 0.1499805171875 0.616911840625 0.1660313578125 0.6141172203124999 0.22296877187500003 0.6020147984374999 0.22157556562499997 0.5954602765625 0.18655095625 0.481677796875 0.11022631093749999 0.49928602031249997 0.1499805171875 0.616911840625
15 0.0725019 0.6403871484375 0.1402086609375 0.6259956328125 0.1389210546875 0.6199379203125 0.09968066875 0.5057045453125 0.026122671874999996 0.5233404796875 0.0725019 0.6403871484375