31 0.1046875 0.6859375 0.0625 0.0953125
31 0.1671875 0.6875 0.05625 0.0953125
31 0.2328125 0.690625 0.059375 0.1015625
24 0.29609375 0.6921875 0.0609375 0.103125
24 0.35703125 0.69140625 0.059375 0.0984375
24 0.41875 0.6953125 0.059375 0.1
24 0.4796875 0.69375 0.0546875 0.0953125
23 0.54140625 0.70234375 0.05625 0.0984375
23 0.6015625 0.70546875 0.053125 0.0921875
23 0.66015625 0.70390625 0.05625 0.1
21 0.72421875 0.70859375 0.0578125 0.090625
21 0.78203125 0.7109375 0.0578125 0.090625
25 0.8390625 0.71015625 0.05625 0.09375
25 0.8984375 0.71171875 0.053125 0.0921875