29 0.1171875 0.7484375 0.0609375 0.0828125
17 0.95703125 0.5234375 0.0703125 0.090625
17 0.89453125 0.5359375 0.0734375 0.0875
16 0.83046875 0.55703125 0.075 0.0921875
15 0.771875 0.57421875 0.0671875 0.09375
15 0.653125 0.603125 0.0734375 0.090625
14 0.7140625 0.58515625 0.0671875 0.0875
14 0.59453125 0.61796875 0.065625 0.0875
14 0.4765625 0.64765625 0.065625 0.084375
13 0.5359375 0.63515625 0.06875 0.0890625
13 0.41640625 0.665625 0.065625 0.0875
12 0.35703125 0.684375 0.06875 0.0890625
34 0.296875 0.7015625 0.0578125 0.0765625
34 0.23515625 0.71484375 0.0609375 0.0796875
34 0.1796875 0.7328125 0.059375 0.0859375