30 0.0828125 0.4140625 0.0734375 0.1046875
41 0.140625 0.428125 0.075 0.1046875
12 0.1953125 0.44609375 0.0734375 0.1046875
13 0.25234375 0.459375 0.071875 0.10625
14 0.309375 0.4734375 0.071875 0.103125
14 0.5328125 0.52265625 0.071875 0.10625
15 0.590625 0.5390625 0.0734375 0.103125
16 0.64609375 0.55234375 0.0734375 0.103125
24 0.36640625 0.48515625 0.075 0.10625
25 0.42265625 0.49765625 0.071875 0.103125
26 0.478125 0.5109375 0.071875 0.10625
20 0.70234375 0.5703125 0.0734375 0.1015625
21 0.75859375 0.5828125 0.075 0.10625
22 0.81328125 0.5984375 0.0734375 0.10625
23 0.8671875 0.61484375 0.06875 0.103125
23 0.9234375 0.62734375 0.071875 0.103125