9 0.90390625 0.43515625 0.05625 0.0765625
11 0.846875 0.44453125 0.0578125 0.0828125
15 0.78828125 0.46015625 0.05625 0.0734375
9 0.74140625 0.4765625 0.05625 0.075
10 0.67265625 0.48828125 0.0546875 0.078125
9 0.61953125 0.50546875 0.05625 0.0734375
16 0.54296875 0.52109375 0.05625 0.0828125
13 0.4640625 0.5359375 0.0546875 0.08125
15 0.40234375 0.5609375 0.0515625 0.075
10 0.33828125 0.57421875 0.053125 0.0734375
13 0.265625 0.59453125 0.05 0.06875
9 0.19609375 0.6140625 0.05625 0.0765625
12 0.1359375 0.6265625 0.053125 0.0734375
14 0.075 0.6453125 0.05 0.0734375