34 0.91640625 0.4609375 0.0640625 0.1125
34 0.853125 0.46328125 0.0640625 0.109375
34 0.7890625 0.46796875 0.0640625 0.1125
26 0.72578125 0.47109375 0.0671875 0.1125
16 0.6609375 0.475 0.0671875 0.1125
15 0.59375 0.47421875 0.06875 0.1109375
16 0.52890625 0.47890625 0.06875 0.109375
16 0.46484375 0.48203125 0.0671875 0.1109375
13 0.40078125 0.484375 0.0671875 0.109375
12 0.33515625 0.4875 0.071875 0.1109375
11 0.2671875 0.48984375 0.0734375 0.1109375
12 0.19921875 0.49453125 0.071875 0.1109375
11 0.13125 0.49765625 0.0734375 0.1125
10 0.06328125 0.49921875 0.065625 0.11875