39 0.8875 0.6421875 0.065625 0.115625
8 0.821875 0.63984375 0.059375 0.1109375
8 0.76015625 0.628125 0.0546875 0.109375
8 0.7 0.6359375 0.05625 0.109375
6 0.63984375 0.63671875 0.05 0.1046875
5 0.58046875 0.63125 0.0515625 0.109375
4 0.5234375 0.634375 0.053125 0.103125
2 0.46328125 0.63515625 0.0484375 0.1046875
1 0.40546875 0.6265625 0.0484375 0.103125
0 0.346875 0.6296875 0.046875 0.096875
34 0.28828125 0.6265625 0.0421875 0.096875
34 0.23046875 0.63125 0.0421875 0.10625
35 0.171875 0.63203125 0.040625 0.0921875
35 0.11171875 0.62734375 0.0390625 0.0984375
35 0.0546875 0.62578125 0.0375 0.0921875