14 0.934375 0.4109375 0.059375 0.078125
14 0.86875 0.428125 0.0578125 0.078125
16 0.80625 0.44453125 0.05625 0.078125
12 0.7421875 0.46171875 0.05625 0.071875
12 0.6703125 0.48125 0.059375 0.0828125
10 0.615625 0.496875 0.059375 0.0828125
16 0.56328125 0.51171875 0.0578125 0.078125
15 0.49765625 0.52734375 0.0578125 0.0765625
10 0.43984375 0.5421875 0.053125 0.0765625
9 0.371875 0.56171875 0.0546875 0.0734375
14 0.303125 0.57890625 0.059375 0.08125
9 0.23203125 0.60078125 0.0578125 0.0828125
13 0.1609375 0.61484375 0.053125 0.0765625
16 0.08125 0.6375 0.053125 0.078125