14 0.9203125 0.48359375 0.0546875 0.0875
14 0.8640625 0.4984375 0.0546875 0.1
15 0.80703125 0.51328125 0.0546875 0.0984375
16 0.75390625 0.53046875 0.0546875 0.09375
17 0.69609375 0.54140625 0.05625 0.090625
13 0.6390625 0.5578125 0.0578125 0.096875
14 0.5796875 0.5734375 0.0609375 0.096875
15 0.52265625 0.5859375 0.059375 0.103125
10 0.4640625 0.60078125 0.0609375 0.1
11 0.4046875 0.60859375 0.0625 0.109375
12 0.346875 0.63359375 0.071875 0.1140625
15 0.2875 0.6421875 0.0734375 0.1125
16 0.22734375 0.66328125 0.075 0.1140625
17 0.16640625 0.67890625 0.0734375 0.115625
29 0.1046875 0.69296875 0.071875 0.1109375