20 0.95234375 0.5859375 0.05859375 0.1125
37 0.88984375 0.58671875 0.0578125 0.115625
37 0.825 0.5890625 0.059375 0.11484375
31 0.759375 0.5890625 0.06328125 0.11875
16 0.69140625 0.58984375 0.06328125 0.11640625
15 0.625 0.5890625 0.0609375 0.1171875
14 0.55703125 0.58984375 0.06328125 0.115625
13 0.48984375 0.590625 0.06328125 0.1171875
12 0.421875 0.590625 0.06953125 0.11796875
12 0.28359375 0.5921875 0.06796875 0.11875
11 0.35390625 0.59140625 0.0625 0.11640625
11 0.21328125 0.5921875 0.06796875 0.11796875
10 0.14453125 0.59375 0.0671875 0.11796875
30 0.07578125 0.59140625 0.06484375 0.11640625