32 0.94296875 0.5453125 0.065625 0.1109375
32 0.87578125 0.540625 0.0578125 0.1015625
25 0.8078125 0.53828125 0.0546875 0.103125
24 0.74140625 0.53515625 0.0640625 0.1109375
23 0.67421875 0.53671875 0.0625 0.10625
22 0.40078125 0.52578125 0.06875 0.1078125
21 0.328125 0.521875 0.0625 0.1078125
20 0.25625 0.5203125 0.06875 0.1078125
6 0.6046875 0.5328125 0.0640625 0.109375
6 0.1828125 0.5203125 0.065625 0.1078125
5 0.5375 0.5296875 0.0609375 0.1078125
5 0.11171875 0.515625 0.065625 0.1109375
4 0.46796875 0.528125 0.0671875 0.1109375
4 0.03828125 0.5125 0.0640625 0.1171875