39 0.0953125 0.55546875 0.0734375 0.1125
35 0.15625 0.54296875 0.0625 0.1015625
35 0.21171875 0.53125 0.0640625 0.1046875
34 0.2703125 0.5203125 0.065625 0.1078125
34 0.328125 0.509375 0.0640625 0.1078125
31 0.3875 0.49453125 0.065625 0.1109375
31 0.44453125 0.4828125 0.065625 0.1078125
37 0.50234375 0.4703125 0.0671875 0.1171875
37 0.559375 0.459375 0.06875 0.1125
32 0.6171875 0.4421875 0.0609375 0.096875
32 0.67890625 0.43203125 0.0640625 0.09375
2 0.73828125 0.4203125 0.071875 0.1078125
2 0.79921875 0.40703125 0.071875 0.1125
18 0.8578125 0.39375 0.06875 0.1015625
18 0.91484375 0.3828125 0.0703125 0.103125