17 0.89296875 0.6 0.0625 0.1453125
16 0.82890625 0.5984375 0.0625 0.1484375
15 0.7671875 0.596875 0.0625 0.15
9 0.70859375 0.5921875 0.0625 0.1453125
9 0.6484375 0.58828125 0.06875 0.1421875
11 0.5875 0.5859375 0.0625 0.1421875
10 0.53125 0.58125 0.065625 0.1390625
9 0.4734375 0.57421875 0.0609375 0.1328125
14 0.41328125 0.57578125 0.0578125 0.134375
14 0.35546875 0.5703125 0.0578125 0.1265625
14 0.3 0.565625 0.0546875 0.13125
15 0.24296875 0.5625 0.05625 0.134375
15 0.1890625 0.5625 0.0546875 0.1375
15 0.13125 0.55234375 0.0515625 0.134375
29 0.0765625 0.55234375 0.0546875 0.13125
1 0.5907174640624999 0.1722844921875 0.63692490625 0.0823124859375 0.6372529015625 0.07856348125 0.6063414609375 0.0282316828125 0.5549254234375 0.11443828125 0.5882713265625 0.17207048281249998 0.5907174640624999 0.1722844921875
26 0.53121753125 0.053543609375 0.5317220703125 0.047776690625 0.4907438234375 0.017670360937499997 0.4900092765625 0.017606096874999998 0.4576929640625 0.1240635609375 0.500529053125 0.1565516859375 0.501680825 0.156652453125 0.53121753125 0.053543609375
2 0.382371684375 0 0.325333434375 0.0622506 0.34525017343750003 0.1288503265625 0.3460337640625 0.1289188828125 0.40552615156250005 0.0739161640625 0.4059018390625 0.069622040625 0.38624345625 0 0.382371684375 0