20 0.1 0.6328125 0.065625 0.1125
20 0.16953125 0.62421875 0.06875 0.1109375
24 0.2359375 0.60859375 0.0765625 0.1171875
25 0.3015625 0.5921875 0.075 0.1125
26 0.3640625 0.578125 0.075 0.115625
18 0.42890625 0.5625 0.0765625 0.1109375
19 0.4953125 0.55 0.078125 0.1125
20 0.559375 0.5328125 0.0828125 0.1140625
18 0.62421875 0.52109375 0.0796875 0.1125
19 0.690625 0.5046875 0.08125 0.1125
20 0.75546875 0.4921875 0.08125 0.1109375
21 0.821875 0.47734375 0.0796875 0.115625
22 0.8890625 0.46171875 0.078125 0.109375
23 0.94921875 0.4484375 0.078125 0.1109375