20 0.41875 0.48203125 0.05234375 0.09140625
19 0.35625 0.484375 0.046875 0.08515625
18 0.2921875 0.48671875 0.0546875 0.08515625
31 0.10546875 0.50078125 0.04375 0.09453125
31 0.171875 0.49453125 0.05078125 0.0875
31 0.23046875 0.49140625 0.0453125 0.08515625
37 0.48125 0.48359375 0.053125 0.0984375
37 0.5390625 0.47421875 0.0515625 0.08984375
37 0.60234375 0.475 0.05390625 0.09140625
22 0.665625 0.4703125 0.05390625 0.0890625
22 0.73125 0.4734375 0.046875 0.08046875
22 0.78828125 0.459375 0.05 0.0828125
24 0.8515625 0.45546875 0.05390625 0.0875
24 0.9125 0.4578125 0.05234375 0.0921875