14 0.9015625 0.5859375 0.04375 0.078125
23 0.84296875 0.58984375 0.0453125 0.0671875
23 0.7828125 0.59375 0.04375 0.08125
23 0.72421875 0.5953125 0.0390625 0.078125
23 0.6625 0.5984375 0.04375 0.0875
33 0.603125 0.5953125 0.04375 0.090625
35 0.54296875 0.59453125 0.046875 0.09375
32 0.48203125 0.5984375 0.05 0.09375
31 0.42265625 0.60234375 0.0578125 0.1
31 0.36171875 0.6125 0.0578125 0.1
31 0.30234375 0.61484375 0.053125 0.090625
36 0.23828125 0.62421875 0.0421875 0.071875
36 0.175 0.62734375 0.04375 0.0546875
36 0.11484375 0.628125 0.0390625 0.0625
41 0.0515625 0.6265625 0.059375 0.090625