31 0.9546875 0.69453125 0.04765625 0.0890625
31 0.8984375 0.69609375 0.0484375 0.08984375
15 0.8421875 0.6953125 0.0515625 0.090625
14 0.78515625 0.69375 0.04921875 0.0890625
13 0.73046875 0.69375 0.0453125 0.0875
12 0.67578125 0.69375 0.04921875 0.0890625
11 0.621875 0.6921875 0.04921875 0.08984375
10 0.5671875 0.6953125 0.04921875 0.0890625
17 0.5140625 0.6953125 0.05 0.090625
16 0.46015625 0.69375 0.05 0.09140625
15 0.40703125 0.6953125 0.05078125 0.0875
14 0.3546875 0.6953125 0.05 0.0890625
13 0.30234375 0.696875 0.04921875 0.0875
12 0.25 0.6984375 0.0515625 0.08984375
41 0.19609375 0.69921875 0.05078125 0.0890625
40 0.14375 0.6984375 0.05 0.0890625
39 0.0921875 0.70078125 0.05 0.08828125
38 0.040625 0.69921875 0.0453125 0.0859375