37 0.8703125 0.57734375 0.071875 0.1109375
37 0.809375 0.56796875 0.071875 0.1078125
37 0.74765625 0.559375 0.0734375 0.1125
36 0.68515625 0.5515625 0.075 0.1109375
36 0.62421875 0.54375 0.075 0.1109375
36 0.56171875 0.53359375 0.0734375 0.1109375
25 0.5015625 0.5265625 0.0734375 0.1109375
25 0.440625 0.51640625 0.071875 0.109375
25 0.3796875 0.509375 0.075 0.1078125
24 0.3171875 0.49921875 0.0765625 0.1109375
23 0.25546875 0.490625 0.075 0.1109375
19 0.19453125 0.48125 0.075 0.1125
19 0.13203125 0.47265625 0.0734375 0.109375
19 0.06953125 0.4625 0.0703125 0.10625