14 0.93046875 0.46484375 0.06875 0.1078125
15 0.86328125 0.48125 0.0625 0.1046875
16 0.80234375 0.503125 0.0765625 0.1125
17 0.73359375 0.5203125 0.0703125 0.1109375
13 0.66796875 0.5359375 0.0703125 0.1109375
14 0.59921875 0.5578125 0.078125 0.1203125
15 0.53046875 0.571875 0.071875 0.1125
10 0.465625 0.5890625 0.071875 0.1109375
11 0.39609375 0.596875 0.078125 0.115625
12 0.32890625 0.628125 0.078125 0.1171875
15 0.25703125 0.6390625 0.075 0.125
16 0.1890625 0.66640625 0.078125 0.1140625
17 0.11484375 0.68046875 0.071875 0.1171875
29 0.0546875 0.69609375 0.071875 0.1140625