27 0.0515625 0.48203125 0.046875 0.0625
28 0.1078125 0.48359375 0.04609375 0.06640625
6 0.16171875 0.4828125 0.0484375 0.06015625
6 0.21875 0.48359375 0.0515625 0.06171875
6 0.27578125 0.48515625 0.05 0.0625
0 0.33515625 0.4859375 0.046875 0.06171875
0 0.39140625 0.4859375 0.04921875 0.0640625
0 0.45 0.48828125 0.04921875 0.06953125
16 0.50546875 0.4875 0.04609375 0.06015625
16 0.5625 0.4859375 0.04296875 0.06484375
16 0.62109375 0.48828125 0.0484375 0.06640625
18 0.68125 0.4859375 0.053125 0.06640625
18 0.74296875 0.4859375 0.0546875 0.06484375
25 0.803125 0.4859375 0.05390625 0.06484375
25 0.86484375 0.48515625 0.0546875 0.06484375
25 0.9296875 0.484375 0.05234375 0.06171875