2 0.61953125 0.5234375 0.065625 0.0890625
2 0.4515625 0.503125 0.0640625 0.090625
1 0.5625 0.51640625 0.059375 0.0875
1 0.39453125 0.49765625 0.0625 0.09375
0 0.50703125 0.5109375 0.0625 0.09375
0 0.33671875 0.4921875 0.0640625 0.0953125
8 0.78984375 0.5421875 0.0703125 0.09375
8 0.28046875 0.48359375 0.0625 0.0921875
7 0.734375 0.53359375 0.0640625 0.0890625
7 0.2234375 0.47734375 0.05625 0.0921875
6 0.903125 0.55546875 0.0578125 0.0890625
6 0.85 0.5484375 0.053125 0.0875
6 0.6765625 0.52890625 0.0609375 0.0890625
6 0.16796875 0.47109375 0.065625 0.096875
40 0.11015625 0.46328125 0.0609375 0.09375