3 0.890625 0.596875 0.0625 0.0671875
5 0.8328125 0.58671875 0.06875 0.0765625
13 0.7671875 0.571875 0.0578125 0.08125
11 0.7046875 0.55859375 0.0578125 0.0796875
33 0.64296875 0.5453125 0.0515625 0.0703125
36 0.575 0.52734375 0.0546875 0.0734375
35 0.50859375 0.5140625 0.05625 0.075
31 0.44140625 0.49765625 0.0609375 0.0765625
35 0.37421875 0.484375 0.0703125 0.08125
33 0.30390625 0.4671875 0.065625 0.0765625
37 0.234375 0.4546875 0.0765625 0.0890625
37 0.16484375 0.43984375 0.0765625 0.0859375
32 0.096875 0.42578125 0.0609375 0.071875