0 0.8875 0.61484375 0.065625 0.09375
0 0.8234375 0.61171875 0.059375 0.09375
0 0.76171875 0.6125 0.0625 0.09375
14 0.70078125 0.6125 0.059375 0.096875
14 0.6390625 0.6125 0.059375 0.0984375
13 0.57578125 0.60703125 0.0578125 0.0875
13 0.5140625 0.6078125 0.059375 0.096875
13 0.45 0.60546875 0.05625 0.0953125
24 0.3890625 0.60625 0.05625 0.096875
24 0.32890625 0.603125 0.0578125 0.0984375
24 0.26796875 0.60390625 0.0546875 0.1
16 0.2078125 0.603125 0.05625 0.0875
16 0.14296875 0.6015625 0.0515625 0.09375
16 0.08203125 0.6 0.0546875 0.096875