14 0.06015625 0.53515625 0.059375 0.0671875
14 0.11171875 0.52578125 0.0578125 0.0671875
14 0.1640625 0.51640625 0.05625 0.065625
19 0.21953125 0.50703125 0.046875 0.0625
19 0.27421875 0.4984375 0.046875 0.06875
19 0.32890625 0.4875 0.046875 0.0625
19 0.3828125 0.4765625 0.0546875 0.0640625
36 0.43984375 0.465625 0.05 0.065625
36 0.4953125 0.45703125 0.05 0.0640625
36 0.55234375 0.44453125 0.05625 0.065625
36 0.61015625 0.43359375 0.05 0.0625
13 0.66875 0.421875 0.05625 0.071875
13 0.73046875 0.41484375 0.0578125 0.071875
13 0.790625 0.40390625 0.05625 0.0703125
33 0.8515625 0.3921875 0.05625 0.0609375
33 0.9140625 0.38125 0.05625 0.059375