1 0.9453125 0.50234375 0.0453125 0.0953125
2 0.878125 0.50703125 0.0515625 0.09375
2 0.81015625 0.509375 0.0515625 0.1015625
4 0.74453125 0.5078125 0.0546875 0.103125
3 0.67265625 0.51640625 0.05 0.0984375
4 0.60390625 0.51796875 0.0515625 0.1
5 0.534375 0.52265625 0.0546875 0.1015625
3 0.46640625 0.521875 0.05 0.09375
4 0.3921875 0.525 0.053125 0.0984375
5 0.31953125 0.53125 0.0515625 0.1046875
7 0.24609375 0.5328125 0.0578125 0.1015625
8 0.171875 0.53984375 0.0625 0.1015625
6 0.096875 0.540625 0.059375 0.10625