36 0.8 0.5234375 0.0515625 0.0546875
36 0.740625 0.528125 0.0515625 0.0546875
36 0.68046875 0.53125 0.046875 0.053125
31 0.39296875 0.5453125 0.046875 0.05
31 0.3375 0.55 0.046875 0.0484375
31 0.28046875 0.55234375 0.0421875 0.0546875
21 0.92109375 0.51796875 0.059375 0.0625
21 0.85859375 0.52109375 0.05625 0.0578125
18 0.61953125 0.53359375 0.053125 0.059375
18 0.5640625 0.5359375 0.0484375 0.053125
18 0.50625 0.5359375 0.053125 0.05625
18 0.4515625 0.5421875 0.0515625 0.0625
19 0.228125 0.55390625 0.0421875 0.0578125
19 0.17265625 0.55703125 0.0421875 0.05625
19 0.1203125 0.55859375 0.04375 0.0625
30 0.06484375 0.565625 0.0546875 0.0640625