28 0.09375 0.4 0.090625 0.11875
30 0.17734375 0.41171875 0.0828125 0.1203125
26 0.6640625 0.46015625 0.075 0.109375
26 0.58515625 0.45390625 0.075 0.1078125
26 0.5015625 0.4421875 0.0703125 0.1015625
34 0.5625 0.628125 0.0671875 0.115625
34 0.47578125 0.62265625 0.0734375 0.1171875
6 0.3875 0.6109375 0.06875 0.121875
6 0.29375 0.603125 0.071875 0.1234375
6 0.20390625 0.59140625 0.071875 0.1234375
4 0.90234375 0.4890625 0.0765625 0.109375
4 0.82109375 0.48046875 0.075 0.1125
4 0.740625 0.471875 0.0734375 0.1046875
1 0.41875 0.43671875 0.053125 0.109375
1 0.3375 0.428125 0.059375 0.1125
1 0.2578125 0.41640625 0.059375 0.1140625