33 0.9171875 0.60703125 0.0953125 0.1703125
33 0.85390625 0.5921875 0.09375 0.1703125
33 0.78984375 0.57734375 0.0953125 0.1734375
36 0.728125 0.5609375 0.0953125 0.175
36 0.665625 0.54609375 0.096875 0.16875
36 0.603125 0.53046875 0.0921875 0.165625
35 0.54140625 0.51484375 0.096875 0.1671875
35 0.48046875 0.49921875 0.0921875 0.1671875
35 0.41953125 0.484375 0.0921875 0.165625
31 0.3578125 0.4703125 0.090625 0.165625
31 0.296875 0.45703125 0.0875 0.165625
37 0.2359375 0.43984375 0.0828125 0.159375
37 0.17421875 0.42578125 0.0859375 0.1625
37 0.11484375 0.4078125 0.084375 0.1546875