21 0.93828125 0.48828125 0.0671875 0.0859375
20 0.8671875 0.49140625 0.0703125 0.0921875
19 0.8046875 0.50625 0.0671875 0.0921875
21 0.73515625 0.51015625 0.0640625 0.09375
20 0.671875 0.521875 0.06875 0.090625
19 0.6046875 0.53203125 0.0640625 0.09375
24 0.54140625 0.5421875 0.0640625 0.0953125
25 0.4796875 0.55390625 0.0609375 0.09375
26 0.41171875 0.5625 0.0640625 0.0921875
31 0.34453125 0.5734375 0.0671875 0.0953125
31 0.27734375 0.58203125 0.065625 0.0921875
34 0.21171875 0.59375 0.0578125 0.09375
34 0.1421875 0.603125 0.0578125 0.09375
34 0.07421875 0.61015625 0.05625 0.096875