6 0.9296875 0.6640625 0.05625 0.0890625
6 0.87109375 0.6578125 0.0609375 0.0953125
6 0.8125 0.65 0.059375 0.0953125
14 0.7546875 0.64296875 0.0625 0.096875
14 0.69765625 0.634375 0.0625 0.1
37 0.64296875 0.628125 0.0640625 0.1015625
37 0.5875 0.61875 0.0609375 0.103125
37 0.5296875 0.6109375 0.0640625 0.1
32 0.47578125 0.6015625 0.0671875 0.103125
32 0.4203125 0.59453125 0.0671875 0.1
32 0.36640625 0.5859375 0.0671875 0.1
10 0.31171875 0.578125 0.0671875 0.1015625
10 0.25546875 0.57109375 0.06875 0.1015625
10 0.2015625 0.56171875 0.065625 0.1015625
10 0.14765625 0.553125 0.06875 0.0984375
30 0.09140625 0.54453125 0.0703125 0.0984375
40 0.0359375 0.5390625 0.0578125 0.09375