4 0.91171875 0.62109375 0.08125 0.09375
4 0.84765625 0.60703125 0.071875 0.0921875
4 0.78828125 0.5953125 0.0703125 0.0859375
36 0.72421875 0.57890625 0.075 0.090625
36 0.66015625 0.56328125 0.071875 0.0890625
36 0.6 0.54921875 0.06875 0.0890625
8 0.5359375 0.5390625 0.0703125 0.0890625
8 0.47421875 0.5234375 0.0703125 0.09375
8 0.41171875 0.51015625 0.06875 0.090625
0 0.34921875 0.49453125 0.071875 0.0890625
0 0.2828125 0.4796875 0.0625 0.0859375
33 0.21484375 0.46640625 0.059375 0.0734375
33 0.15234375 0.45390625 0.0625 0.0734375
33 0.0875 0.43671875 0.0609375 0.0859375