41 0.09921875 0.54765625 0.0484375 0.0578125
40 0.04609375 0.55 0.05625 0.0625
22 0.91875 0.57265625 0.05703125 0.071875
22 0.859375 0.5703125 0.0484375 0.06640625
22 0.8 0.57109375 0.05 0.06640625
18 0.7421875 0.56953125 0.05234375 0.0671875
18 0.684375 0.56640625 0.05 0.06484375
1 0.62734375 0.565625 0.04765625 0.0640625
1 0.5703125 0.56171875 0.04765625 0.0625
1 0.515625 0.56015625 0.03984375 0.0671875
4 0.4625 0.55625 0.04453125 0.059375
4 0.4078125 0.5578125 0.04296875 0.0640625
4 0.35625 0.5578125 0.04609375 0.06640625
21 0.3015625 0.5546875 0.0453125 0.04921875
21 0.25078125 0.553125 0.040625 0.04765625
21 0.20078125 0.5515625 0.0453125 0.04921875
21 0.14921875 0.55078125 0.04453125 0.05234375