38 0.08203125 0.4734375 0.0546875 0.0625
40 0.1359375 0.47890625 0.0515625 0.0640625
19 0.18515625 0.47890625 0.03515625 0.06171875
19 0.2359375 0.48125 0.03828125 0.0640625
19 0.28984375 0.4828125 0.0421875 0.06953125
1 0.34609375 0.48203125 0.0390625 0.0671875
1 0.4 0.48046875 0.0390625 0.0625
1 0.4578125 0.48125 0.040625 0.06640625
6 0.51328125 0.4796875 0.0453125 0.06484375
6 0.5734375 0.48203125 0.0484375 0.0671875
6 0.63359375 0.48359375 0.05 0.06640625
22 0.69609375 0.48203125 0.04921875 0.059375
22 0.75859375 0.48203125 0.04765625 0.0625
25 0.8265625 0.48515625 0.05390625 0.0671875
25 0.88828125 0.4875 0.05234375 0.071875
25 0.95546875 0.4859375 0.04921875 0.06953125