34 0.92578125 0.56484375 0.0703125 0.10625
34 0.865625 0.55859375 0.06875 0.1046875
34 0.80625 0.55546875 0.06875 0.10625
36 0.74453125 0.54921875 0.0703125 0.10625
36 0.684375 0.54453125 0.0703125 0.10625
14 0.62421875 0.53828125 0.0703125 0.1046875
14 0.5640625 0.53203125 0.0703125 0.10625
14 0.50625 0.52578125 0.06875 0.10625
11 0.44609375 0.52109375 0.06875 0.10625
10 0.38671875 0.51484375 0.065625 0.1015625
9 0.3265625 0.5109375 0.065625 0.103125
12 0.2671875 0.50390625 0.0625 0.1046875
11 0.20703125 0.5 0.0625 0.103125
10 0.146875 0.4953125 0.0625 0.103125
40 0.0890625 0.4859375 0.0625 0.1015625
29 0.0296875 0.4796875 0.059375 0.103125