16 0.98665705625 0.1882240734375 0.9986027937499999 0.1657953734375 0.9990414078125 0.16162224375 0.9658833124999999 0.12265593906250001 0.9490100218749999 0.149543925 0.9851623109375 0.18806696875 0.98665705625 0.1882240734375
6 1 0.339045471875 0.9756063609375 0.3492063703125 0.9959682234375 0.3965887984375 0.9982036624999999 0.39682375312499996 1 0.39591978437500003 1 0.339045471875
23 1 0.43328202187500003 0.9920352515624999 0.41847397500000005 0.96935485 0.4351142171875 0.9915449078125 0.47939254375000007 0.9926305921875 0.4795066546875 1 0.475287615625 1 0.43328202187500003
8 0.9208360890625 0.4295408671875 0.9588345140625 0.4245806296875 0.9594086531249999 0.419118059375 0.951837396875 0.3834845515625 0.9113281703125 0.3871266140625 0.9193219984375001 0.4293817296875 0.9208360890625 0.4295408671875
19 1 0.2320776484375 0.97717033125 0.2437466796875 0.998407403125 0.28843880624999996 1 0.2886061953125 1 0.2320776484375
4 0.9664964906250001 0.412344475 0.9732510921875 0.4130544125 0.9957639875 0.402077959375 0.9959157453125 0.40063407812499996 0.97399495625 0.352598603125 0.9479099 0.36409249843749997 0.9478582812499999 0.3645836203125 0.9664964906250001 0.412344475
8 0.9280590875 0.2905333140625 0.8829707453125 0.28259035 0.8815616734375 0.28244225156249997 0.885435896875 0.3284115421875 0.9291813734375 0.333009378125 0.930071021875 0.32454493906250004 0.9280590875 0.2905333140625
17 0.9720834359375001 0.24168105781250002 0.9905585453124999 0.22738321562500002 0.9908083984375 0.2250060203125 0.9613204874999999 0.17843743125 0.9395545125 0.19821364375 0.9664158453124999 0.2410853703125 0.9720834359375001 0.24168105781250002
21 0.9869684890625001 0.306384553125 0.9877554375 0.2988972453125 0.9544199109375 0.26343969375 0.9375961187499999 0.293032325 0.9745308234375001 0.32990326406250003 0.9869684890625001 0.306384553125
20 0.9073090031250001 0.3762725921875 0.921485721875 0.3763324515625 0.9219223421875 0.3721782921875 0.9158390328125 0.3326009453125 0.8704211265625 0.33171767343749997 0.8776927078125001 0.37315979375 0.9073090031250001 0.3762725921875
12 0.934051425 0.537765109375 0.9651988671874999 0.5135086796875 0.9654364609374999 0.511248125 0.9485101796875 0.477682471875 0.9108123140625001 0.501766703125 0.9300124609375 0.537340596875 0.934051425 0.537765109375
7 0.9753439609375001 0.515396315625 0.9949946437499999 0.4990862640625 0.9953094671875 0.4960909203125 0.97220139375 0.4543123609375 0.9497618734375 0.47192802812499995 0.9731794718750001 0.51516881875 0.9753439609375001 0.515396315625
19 0.8972440515625 0.438058990625 0.918529975 0.4343506640625 0.9187947265625 0.431831715625 0.9065943000000001 0.3801430953125 0.874003934375 0.3836819359375 0.8851260046875 0.43678533281250004 0.8972440515625 0.438058990625
19 0.980526915625 0.5619970999999999 0.980640490625 0.5609164984375 0.9656938609375001 0.5285220109375001 0.9651409687499999 0.5284638984375001 0.9305915499999999 0.5523427390625 0.9485204328125001 0.5864190640625 0.9494646250000001 0.586518303125 0.980526915625 0.5619970999999999
9 0.8780077734375 0.5413013249999999 0.9155375484375 0.5226140296875 0.9157736140624999 0.5203680078125 0.9028374625 0.48379138125 0.8589189718749999 0.5023011562499999 0.875386490625 0.5410258171875 0.8780077734375 0.5413013249999999
21 0.910546440625 0.49130364843749996 0.912848234375 0.49154557656250003 0.9480826921875 0.46708505625 0.94825593125 0.4654368046875 0.9306805390624999 0.433215125 0.8910125390625 0.456992275 0.890938521875 0.45769649843750004 0.910546440625 0.49130364843749996
5 0.8597570937500001 0.3712746859375 0.8648960562499999 0.3467200453125 0.867885715625 0.31827534218750003 0.8337143250000001 0.29995497968749996 0.8196294515625 0.35672040312500003 0.8518792218750001 0.3704466875 0.8597570937500001 0.3712746859375
11 0.8644590328125 0.4393264671875 0.8692909796875 0.4394378828125 0.87046016875 0.42831379375 0.8661211171875 0.380504821875 0.8284283328125 0.3786183234375 0.8344039296875 0.43616754843749994 0.8644590328125 0.4393264671875
36 0.8361077328125001 0.514901959375 0.872565409375 0.483024171875 0.87282749375 0.4805306 0.8485074656249999 0.444636853125 0.8064459656249999 0.47889103281249995 0.8313134046874999 0.5143980546875 0.8361077328125001 0.514901959375
36 0.8500696375000001 0.5823558953125 0.8768499359374999 0.5618442734375 0.8773896921875 0.55670884375 0.8532543359375 0.5092254031250001 0.820835784375 0.5312571796875 0.8487140906249999 0.5822134218749999 0.8500696375000001 0.5823558953125
32 0.5563950906249999 0.873706125 0.5284991203125 0.8612456296875 0.5483569234375001 0.9169414984375001 0.568106396875 0.9266437562500001 0.5797556359375 0.927868140625 0.6442607 0.8913247515625 0.6448837609375 0.88539673125 0.6311589359374999 0.8448870046874999 0.6286029125 0.8413018671874999 0.62595598125 0.839061303125 0.5563950906249999 0.873706125
32 0.535648309375 0.8195961593750001 0.50982783125 0.8100926296875001 0.5098086375 0.8102752546875 0.5284109140625 0.861661971875 0.5539025609375 0.8733043515625001 0.558037234375 0.8737389234374999 0.62946570625 0.8377646562500001 0.62972755625 0.835273321875 0.614249375 0.7909329765625001 0.6116933515625 0.7873478390625 0.6090463734375 0.7851073296875 0.535648309375 0.8195961593750001
32 0.514465690625 0.76139316875 0.4886515875 0.753073040625 0.5101812171875 0.8099287609375001 0.5359098203125 0.81945125625 0.6099343203125 0.7844240703125 0.6100637828125001 0.7831923265625 0.59363576875 0.7358828921875 0.591079740625 0.732297815625 0.58843276875 0.7300572468750001 0.514465690625 0.76139316875
33 0.493707253125 0.7009847859375 0.46781096875 0.6948572921875 0.4887270265625 0.7527779265625 0.49957562656250004 0.7560457859375 0.5199173203125 0.758183784375 0.5906534625 0.7286998812500001 0.5908381078125 0.72694309375 0.573721171875 0.6787846515625 0.5707989421875 0.6745662453125 0.5671934390625 0.6731861718750001 0.493707253125 0.7009847859375
33 0.4716116859375 0.64071965625 0.4453707109375 0.6368146828125 0.46669758437500003 0.6953002109375 0.472388053125 0.6966284171875 0.49765214375 0.6992837796875 0.568244203125 0.6728442703125 0.568830809375 0.6672630859375001 0.552822275 0.6211643828125 0.5499489125 0.6172576656250001 0.545949840625 0.615757625 0.4716116859375 0.64071965625
16 0.4508993390625 0.5793809000000001 0.4236697953125 0.5763121359375 0.44586348906250006 0.635709625 0.477265228125 0.63901008125 0.5491845343749999 0.615015603125 0.5498192703125 0.60897649375 0.5334361078125001 0.5621481421875 0.5305064421875 0.55913896875 0.526574778125 0.5573436 0.4508993390625 0.5793809000000001
16 0.42817052499999997 0.5162605546875 0.40356580781250007 0.5161153453125 0.424396103125 0.5753223640625 0.45194306875 0.5782176671875 0.5318821921875 0.5554151593750001 0.5319757953125 0.5545245859375 0.51364565625 0.5020257078125 0.5108641609375 0.4995863375 0.5066458984375 0.49799908593750003 0.42817052499999997 0.5162605546875
16 0.402666303125 0.45363683281249995 0.3797460890625 0.45540749687500004 0.4021177671875 0.5164209765625001 0.4052661859375 0.5167518890625 0.4270507421875 0.5167357328125 0.5097036890625 0.4973640515625 0.5099630984375 0.49489594062500003 0.49131151875 0.44201873125 0.48853002187500005 0.4395793890625 0.484311759375 0.4379921390625 0.402666303125 0.45363683281249995
14 0.3784661265625 0.38665853437500003 0.35536967656249996 0.3916244515625 0.378885271875 0.45270598125 0.3911355171875 0.453993534375 0.40313022500000006 0.4531477609375 0.48775802500000004 0.4370976265625 0.4883180734375 0.43176912031250003 0.4719262546875 0.3827156234375 0.46598043593750005 0.3751559125 0.46613409062500005 0.37489540312499997 0.3784661265625 0.38665853437500003
14 0.3584792140625 0.3908591640625 0.3777173171875 0.3873427203125 0.4676463953125 0.37432961875 0.46776053281249996 0.3732436734375 0.4485340921875 0.3164719359375 0.4441446359375 0.312440390625 0.4430794578125 0.31176903437500003 0.44022260468749996 0.3114687671875 0.35316526875 0.3195809765625 0.33137686875 0.3255587953125 0.35508860468750003 0.390502796875 0.3584792140625 0.3908591640625
14 0.32872525625 0.2491330296875 0.3047726609375 0.258697721875 0.3306478015625 0.3250896984375 0.3324329640625 0.3252773265625 0.3528560796875 0.3195137328125 0.44287074375 0.3110925625 0.44358524375 0.30429454843750003 0.4257718453125 0.24969213437499999 0.4249774421875 0.2487860015625 0.4190287296875 0.2441629359375 0.32872525625 0.2491330296875
10 0.2999724359375 0.17609533125000001 0.28070720625 0.188283284375 0.30461917031249997 0.25479639062500004 0.3106409859375 0.255429309375 0.3279530265625 0.24787196250000001 0.4233606734375 0.24260109375 0.4235030046875 0.2412469109375 0.4014684421875 0.17904552812500002 0.400911971875 0.1783715453125 0.3956415140625 0.175290475 0.2999724359375 0.17609533125000001
10 0.2753987625 0.10235298125 0.255544890625 0.11728876875000001 0.27962118125 0.186182515625 0.2842316109375 0.186667090625 0.301705309375 0.176713075 0.39745335625 0.1751830390625 0.3980635265625 0.16937765625 0.3773858078125 0.1069749171875 0.3760667828125 0.107062659375 0.374215375 0.10544027812500001 0.2753987625 0.10235298125
10 0.24743114375 0.0247946515625 0.2281531890625 0.042321042187500005 0.2545947671875 0.1128523328125 0.25862153593750004 0.1132755625 0.2750834140625 0.10192835156249999 0.37654179062500004 0.1050778265625 0.3765941609375 0.10457956718750001 0.352754625 0.035602709375 0.35219817343750004 0.034928721875 0.3469276953125 0.03184765625 0.24743114375 0.0247946515625