36 0.94296875 0.5109375 0.0515625 0.0875
36 0.890625 0.51171875 0.04765625 0.0890625
31 0.83828125 0.51328125 0.05234375 0.08671875
31 0.784375 0.5109375 0.04921875 0.084375
31 0.73203125 0.5109375 0.05 0.084375
16 0.67890625 0.5125 0.05078125 0.0875
16 0.62578125 0.50859375 0.05234375 0.0875
16 0.571875 0.5109375 0.05234375 0.0890625
9 0.51875 0.5125 0.04921875 0.0875
9 0.46484375 0.5125 0.05234375 0.08984375
9 0.4109375 0.5109375 0.0515625 0.08984375
10 0.35625 0.51171875 0.053125 0.0890625
10 0.3015625 0.51171875 0.05234375 0.0890625
10 0.2453125 0.51171875 0.0546875 0.08671875
40 0.1875 0.51328125 0.05390625 0.084375
29 0.13046875 0.51171875 0.05390625 0.0890625
27 0.07578125 0.5109375 0.046875 0.09140625