17 0.8890625 0.38984375 0.0703125 0.11875
17 0.834375 0.41015625 0.065625 0.1125
9 0.7734375 0.43046875 0.065625 0.1046875
9 0.715625 0.4546875 0.065625 0.1078125
9 0.65859375 0.4734375 0.065625 0.1125
15 0.59921875 0.490625 0.0671875 0.125
14 0.5359375 0.5140625 0.06875 0.125
13 0.47734375 0.534375 0.06875 0.1234375
11 0.41640625 0.559375 0.06875 0.121875
10 0.3515625 0.5796875 0.071875 0.1234375
9 0.290625 0.60546875 0.071875 0.1171875
17 0.22578125 0.62421875 0.0734375 0.121875
16 0.16015625 0.64609375 0.075 0.128125
15 0.09375 0.66875 0.0734375 0.1328125