33 0.8953125 0.659375 0.065625 0.1109375
33 0.83359375 0.65 0.065625 0.1140625
33 0.77265625 0.6421875 0.0703125 0.1109375
31 0.709375 0.6359375 0.0703125 0.1125
31 0.64609375 0.62890625 0.071875 0.1140625
36 0.58203125 0.621875 0.071875 0.1125
36 0.51875 0.6140625 0.0734375 0.1140625
36 0.4546875 0.60859375 0.075 0.115625
34 0.38984375 0.60078125 0.075 0.115625
34 0.325 0.59296875 0.0765625 0.115625
34 0.25859375 0.5875 0.0765625 0.11875
37 0.18984375 0.5796875 0.0765625 0.1140625
37 0.12421875 0.57109375 0.071875 0.1171875
37 0.05625 0.56171875 0.0703125 0.11875