7 0.95390625 0.46953125 0.06875 0.1109375
7 0.88984375 0.475 0.06875 0.1109375
6 0.82734375 0.48046875 0.06875 0.1171875
5 0.7640625 0.48515625 0.06875 0.1140625
4 0.7 0.4890625 0.06875 0.1140625
3 0.6359375 0.49453125 0.06875 0.1140625
3 0.57109375 0.5 0.0703125 0.1171875
1 0.44140625 0.509375 0.06875 0.115625
2 0.50703125 0.5046875 0.06875 0.115625
2 0.37578125 0.5140625 0.071875 0.1140625
2 0.3109375 0.51875 0.0703125 0.115625
2 0.246875 0.5234375 0.0703125 0.1140625
0 0.18046875 0.5296875 0.0734375 0.1140625
0 0.11484375 0.534375 0.0734375 0.109375
0 0.05078125 0.5359375 0.0640625 0.1171875