26 0.22734375 0.53828125 0.053125 0.0671875
26 0.278125 0.53984375 0.05 0.0609375
26 0.32890625 0.54140625 0.0546875 0.0625
20 0.3828125 0.54375 0.040625 0.0578125
20 0.434375 0.5421875 0.046875 0.0609375
20 0.4859375 0.54296875 0.040625 0.0609375
1 0.540625 0.54375 0.040625 0.0578125
1 0.59375 0.54375 0.0359375 0.05625
1 0.65078125 0.546875 0.0390625 0.0609375
10 0.7109375 0.54765625 0.04375 0.0609375
10 0.7671875 0.5484375 0.0484375 0.0578125
10 0.825 0.55078125 0.05 0.0609375
31 0.89140625 0.55078125 0.0484375 0.059375
31 0.95078125 0.5546875 0.05625 0.0625