14 0.8578125 0.78671875 0.071875 0.1015625
14 0.803125 0.7734375 0.0703125 0.1
14 0.74765625 0.759375 0.06875 0.096875
29 0.69140625 0.74453125 0.0703125 0.1
32 0.63671875 0.73203125 0.0734375 0.1015625
32 0.58046875 0.72109375 0.0734375 0.103125
32 0.52578125 0.7078125 0.06875 0.1
15 0.4703125 0.69375 0.071875 0.1
15 0.415625 0.68203125 0.071875 0.1046875
15 0.36015625 0.6703125 0.071875 0.1015625
16 0.3046875 0.65703125 0.071875 0.096875
16 0.25 0.6421875 0.0671875 0.1
16 0.19453125 0.63046875 0.06875 0.0984375
16 0.13984375 0.61796875 0.0671875 0.0984375
9 0.08359375 0.6046875 0.0671875 0.0984375
9 0.03046875 0.5921875 0.0609375 0.096875