32 0.95625 0.553125 0.059375 0.11328125
32 0.8875 0.55390625 0.06171875 0.1125
37 0.81953125 0.55390625 0.0609375 0.11328125
34 0.74921875 0.5546875 0.065625 0.1109375
33 0.67734375 0.55546875 0.06484375 0.109375
36 0.6078125 0.55546875 0.059375 0.109375
35 0.53828125 0.55625 0.059375 0.1125
31 0.46875 0.55546875 0.06328125 0.1109375
8 0.3984375 0.55625 0.0625 0.11328125
0 0.32578125 0.5578125 0.06015625 0.109375
26 0.253125 0.55625 0.06484375 0.1109375
18 0.17890625 0.55703125 0.059375 0.109375
17 0.1109375 0.5546875 0.059375 0.1109375
9 0.03828125 0.55703125 0.06484375 0.11171875