21 0.8796875 0.54921875 0.046875 0.0703125
21 0.82265625 0.55234375 0.0421875 0.065625
21 0.759375 0.5578125 0.04375 0.065625
18 0.69609375 0.55859375 0.0515625 0.075
18 0.63515625 0.55859375 0.0515625 0.075
22 0.57421875 0.56171875 0.0515625 0.075
22 0.51171875 0.5625 0.0484375 0.0734375
20 0.44765625 0.565625 0.0578125 0.0828125
25 0.31796875 0.57890625 0.0546875 0.0921875
24 0.38515625 0.5671875 0.053125 0.0828125
24 0.24921875 0.5765625 0.053125 0.0890625
24 0.18203125 0.5828125 0.05 0.0921875
24 0.11953125 0.58359375 0.053125 0.0921875