25 0.959375 0.57734375 0.08125 0.1203125
24 0.89375 0.59296875 0.0890625 0.121875
23 0.821875 0.5984375 0.0859375 0.1234375
34 0.75390625 0.615625 0.0875 0.125
34 0.68671875 0.634375 0.0890625 0.1234375
34 0.62109375 0.6484375 0.0890625 0.121875
26 0.55390625 0.659375 0.0875 0.121875
25 0.48984375 0.67421875 0.0875 0.121875
24 0.4234375 0.6859375 0.0875 0.1234375
21 0.3578125 0.70078125 0.090625 0.1234375
21 0.29375 0.7125 0.0859375 0.11875
20 0.22734375 0.72734375 0.0890625 0.1203125
19 0.1625 0.740625 0.0890625 0.1234375
18 0.09765625 0.75390625 0.08125 0.121875