17 0.89609375 0.60859375 0.05390625 0.10546875
16 0.83671875 0.609375 0.0546875 0.1015625
17 0.71484375 0.61171875 0.0578125 0.103125
16 0.653125 0.61171875 0.05703125 0.10234375
15 0.7765625 0.609375 0.0546875 0.103125
15 0.59296875 0.6125 0.06015625 0.10390625
13 0.53125 0.61171875 0.0578125 0.10234375
13 0.47109375 0.61328125 0.0578125 0.103125
12 0.41015625 0.61328125 0.059375 0.10390625
12 0.3484375 0.61484375 0.059375 0.10703125
12 0.28671875 0.615625 0.0625 0.103125
11 0.225 0.61640625 0.059375 0.10390625
10 0.1609375 0.61796875 0.06484375 0.103125
9 0.0984375 0.6171875 0.0578125 0.10078125