16 0.9930598953124999 0.1529643078125 0.9592267953125001 0.1145826265625 0.9428253328125 0.1417609953125 0.9796444359375001 0.179647228125 0.9811416953125001 0.179778221875 0.9926941796875 0.1571444546875 0.9930598953124999 0.1529643078125
6 1 0.3326556265625 0.9987254671875 0.3296396453125 0.9729022109375001 0.34092886093749997 0.9940879109375 0.387948709375 0.9963271109375 0.3881446140625 1 0.3862152546875 1 0.3326556265625
23 1 0.4267789234375 0.9905374859375 0.40989919218750004 0.9681509515625001 0.426932728125 0.99111039375 0.47081704062499996 0.992197903125 0.4709121859375 1 0.46626278125000004 1 0.4267789234375
8 0.9579270984375 0.411112590625 0.9497351046875 0.3756166484375 0.9092956109375001 0.37996513906249996 0.918025675 0.42207430781250005 0.9195423125 0.42220699531249994 0.9574483828125 0.41658435000000005 0.9579270984375 0.411112590625
19 1 0.23111771406249998 0.996105059375 0.22293511562499999 0.9726254187500001 0.23545793750000002 0.9946392421875 0.27977261875 0.9988025109375 0.2801368578125 1 0.2795204078125 1 0.23111771406249998
4 0.9939795046875 0.3934405984375 0.994106040625 0.3919942890625 0.9713502546875 0.3443487 0.9454697671875 0.35629609218749997 0.9454267281250001 0.356788040625 0.9648956406250001 0.40421633906250004 0.971661603125 0.40480828437499994 0.9939795046875 0.3934405984375
8 0.877706653125 0.2758162171875 0.8823825609375 0.3217108921875 0.9262016187500001 0.3255445625 0.92694340625 0.3170658875 0.9243381953125 0.28309455625 0.8791180953125 0.2759397015625 0.877706653125 0.2758162171875
17 0.9859343390624999 0.216482115625 0.9556381859374999 0.17043525312500002 0.9342206687499999 0.1905883234375 0.961826125 0.23298472499999998 0.9675032484375 0.233481409375 0.9857260109375 0.218863309375 0.9859343390624999 0.216482115625
21 0.9502221531249999 0.255545003125 0.9339173859375001 0.28542674218749997 0.971489953125 0.321647465625 0.9835152656249999 0.2979152703125 0.9841714234375001 0.29041536875 0.9502221531249999 0.255545003125
20 0.919627284375 0.3648342 0.9128541828125 0.3253690484375 0.8674277781249999 0.3252785640625 0.8754215171874999 0.366587465625 0.9050876265625 0.3691829140625 0.9192632312500001 0.368995346875 0.919627284375 0.3648342
12 0.9655618796875001 0.503123425 0.948052375 0.46985828906249993 0.9107805796875 0.49459677031249993 0.9305986515625 0.5298301578125 0.9346444093749999 0.530184115625 0.9653637734375 0.5053877828125 0.9655618796875001 0.503123425
7 0.99516580625 0.4874471734375 0.971332115625 0.44607826875 0.9492034484375 0.46408287656249997 0.9733721375 0.5069083890625 0.9755402656250001 0.507098075 0.99490330625 0.49044755625 0.99516580625 0.4874471734375
19 0.9175412421875 0.424533121875 0.9044405828125001 0.3730653015625 0.8719169421874999 0.3771723828125 0.8839641 0.4300735859375 0.8961025312500001 0.4311355609375 0.9173204921875 0.4270563078125 0.9175412421875 0.424533121875
19 0.9661207109375001 0.5203901875 0.9655668890625 0.520341734375 0.931439475 0.5448199078125 0.9499603406249999 0.578578140625 0.950906121875 0.5786608859375 0.9815357265625 0.55360130625 0.9816304265625 0.5525188875 0.9661207109375001 0.5203901875
9 0.9160657609375 0.51310865625 0.9024932281250001 0.476763365625 0.8589044671874999 0.49603680624999996 0.8760453171875 0.5344681703124999 0.8786710093749999 0.5346978890625 0.9158689296875 0.51535845625 0.9160657609375 0.51310865625
21 0.9474400015625 0.459269946875 0.9475844484374999 0.45761892499999995 0.9294493875000001 0.425708884375 0.8902023968749999 0.45017471562500005 0.8901406828124999 0.45088012343750006 0.910332140625 0.48413995 0.91263780625 0.48434167031250003 0.9474400015625 0.459269946875
5 0.8646581515625 0.311882528125 0.8301722312500001 0.2941613296875 0.817080196875 0.351163921875 0.8495646125 0.3643252796875 0.857455734375 0.3650156640625 0.862165378125 0.3403750765625 0.8646581515625 0.311882528125
11 0.8691526484375001 0.42185929062499994 0.8639798765625001 0.374133328125 0.8262599093749999 0.3729049453125 0.8332389687499999 0.4303411171875 0.8633446250000001 0.4329750203125 0.8681777796875 0.43300209062499995 0.8691526484375001 0.42185929062499994
36 0.8724309234375 0.47402682812499997 0.8474881671875 0.4385629921875 0.806030890625 0.473546028125 0.8315142249999999 0.5086136453125001 0.8363166171874999 0.5090338015625 0.872212396875 0.4765245953125 0.8724309234375 0.47402682812499997
36 0.87832191875 0.5501138484375 0.8533615390625 0.5030588593750001 0.8213324312499999 0.5256530625 0.8500958015625001 0.5761149999999999 0.851453628125 0.5762337953125 0.8778718718749999 0.555257915625 0.87832191875 0.5501138484375
32 0.555626190625 0.9160340515625001 0.575541984375 0.92539015625 0.5872108171875 0.926411046875 0.6510682875 0.8887474546874999 0.65158779375 0.8828094640625 0.6371580671875 0.8425454374999999 0.6345398640625 0.83900545625 0.6318542328125 0.836811428125 0.5629085734375 0.872664978125 0.5347993859375 0.86069323125 0.555626190625 0.9160340515625001
32 0.51522219375 0.8100568140625001 0.534718459375 0.8611110500000001 0.5604094109375 0.8723067671875 0.5645510390624999 0.8726691125 0.63534079375 0.835453725 0.6355591234375 0.8329582 0.6193094546875 0.7888947390625 0.6166912499999999 0.7853547562500001 0.614005575 0.7831607843749999 0.541220603125 0.818925334375 0.515238196875 0.80987388125 0.51522219375 0.8100568140625001
32 0.51558866875 0.8097038718749999 0.54147954375 0.8187758890625 0.6148814609375 0.7824621328125 0.61498940625 0.7812283171875001 0.5977382312499999 0.734212796875 0.595120025 0.730672875 0.5924343515625 0.7284788437499999 0.5190254265625 0.7611008953125 0.4930700484375 0.7532325531249999 0.51558866875 0.8097038718749999
33 0.49314032656249995 0.75293616875 0.50404430625 0.7560141953125 0.524420215625 0.7577968562499999 0.59463101875 0.727082928125 0.5947849765625 0.7253231859375 0.5768301671875 0.677470809375 0.5738347593750001 0.6733040453125 0.5702057218750001 0.6719871078125 0.49721587968750003 0.701064 0.4712166 0.695389390625 0.49314032656249995 0.75293616875
33 0.47011111562499996 0.6958516734375 0.47582389843749995 0.6970803640625001 0.5011304828124999 0.699294403125 0.5712503578125 0.6716269203125 0.5717394687499999 0.666036346875 0.5549288406249999 0.6202240531250001 0.5519877328125 0.616368078125 0.5479630906249999 0.614938059375 0.47407190625 0.6411936671875 0.4477667765625 0.6377472578125001 0.47011111562499996 0.6958516734375
16 0.44824019374999996 0.63663376875 0.47969475 0.6393856859375 0.5511843421875 0.6141396968749999 0.5517135843750001 0.6080904312500001 0.53451565 0.5615551359375 0.5315339125 0.55859755 0.527571515625 0.5568710734375 0.45229220468750003 0.580225734375 0.42501325 0.5776326593750001 0.44824019374999996 0.63663376875
16 0.42572217500000004 0.5766303625 0.45331547343749995 0.5790444640625 0.5328444640625001 0.5548502984375 0.5329225109375 0.5539582265624999 0.5136789312500001 0.50178725 0.5108552875 0.49939679375 0.5066099656249999 0.497883403125 0.42846525 0.5175116765625 0.403861746875 0.5177958984375 0.42572217500000004 0.5766303625
16 0.40241926093749997 0.51812675625 0.405572975 0.5184026703125 0.42735393125 0.5180063234375 0.5096562078125 0.4971951 0.509872503125 0.4947228375 0.4903009296875 0.442179196875 0.48747728281249997 0.43978877031249997 0.48323196093750004 0.43827538125 0.401871978125 0.4553426 0.3789861578125 0.45751300937500006 0.40241926093749997 0.51812675625
14 0.3780783234375 0.454826928125 0.390349175 0.4559004890625 0.40232729375 0.45484550781250005 0.48666209218749995 0.4373208578125 0.4871290609375 0.431983390625 0.4698836359375 0.383223440625 0.4638067875 0.37576865000000004 0.463955871875 0.37550549843750003 0.3765065546875 0.38879685468749997 0.353500290625 0.3941651046875 0.3780783234375 0.454826928125
14 0.465458071875 0.37491340625 0.465553240625 0.37382563593749996 0.445338925 0.31739809218750004 0.4408797765625 0.3134437671875 0.43980304375 0.312791103125 0.43694138593750004 0.312540740625 0.3500388859375 0.3221710734375 0.3283581328125 0.3285282421875 0.3531996859375 0.3930485265625 0.3565959984375 0.393345665625 0.3757698 0.3894940046875 0.465458071875 0.37491340625
14 0.32762098906250003 0.328071940625 0.3294091546875 0.32822838593750003 0.34972857031250004 0.3221092359375 0.43958255625 0.3121183765625 0.44017830468749997 0.305308928125 0.42141467656250003 0.2510257171875 0.42060457968750004 0.2501335859375 0.4145760890625 0.24561504531249997 0.324373109375 0.25216039375 0.3005910890625 0.262141659375 0.32762098906250003 0.328071940625
10 0.3003695359375 0.258243603125 0.306401478125 0.2587713296875 0.3235789890625 0.2509129953125 0.41888011562500005 0.2439778375 0.418998790625 0.242621378125 0.395882021875 0.180814025 0.395313871875 0.18014985625 0.3899904453125 0.1771612359375 0.29434998437500004 0.1796356265625 0.2753003984375 0.1921579484375 0.3003695359375 0.258243603125
10 0.274177875 0.1900764515625 0.27879605937499996 0.190480490625 0.2960933765625 0.18022303281250002 0.3918001375 0.177022196875 0.39230889687500003 0.1712070484375 0.37054525 0.109174690625 0.36922795625 0.1092854375 0.3673485171875 0.107695615625 0.2684930734375 0.1063333765625 0.248902890625 0.12161338749999999 0.274177875 0.1900764515625
10 0.247875484375 0.117194209375 0.251909028125 0.1175470984375 0.2681703609375 0.105914315625 0.3696682515625 0.10729261875 0.36971191718749996 0.1067935203125 0.3446722015625 0.038243225 0.34410407187500003 0.0375790515625 0.338780625 0.0345904375 0.239176134375 0.0292749625 0.2202069921875 0.0471351296875 0.247875484375 0.117194209375