8 0.83046875 0.6328125 0.1 0.1578125
8 0.7453125 0.61875 0.103125 0.159375
8 0.65703125 0.60625 0.103125 0.15625
7 0.56875 0.59296875 0.10625 0.1578125
6 0.4828125 0.58046875 0.10625 0.1609375
5 0.3953125 0.56640625 0.10625 0.1625
5 0.3078125 0.55390625 0.1109375 0.1625
5 0.21796875 0.540625 0.109375 0.1609375
5 0.12890625 0.52734375 0.1125 0.1625
0 0.6765625 0.45703125 0.1046875 0.1546875
0 0.59140625 0.44296875 0.103125 0.1578125
4 0.50546875 0.43046875 0.1046875 0.15625
3 0.41796875 0.41640625 0.10625 0.15625
2 0.33203125 0.40234375 0.109375 0.15625