13 0.7859375 0.55859375 0.0859375 0.1453125
13 0.70390625 0.56171875 0.0859375 0.14375
13 0.621875 0.565625 0.0859375 0.1421875
12 0.53984375 0.5703125 0.0859375 0.14375
12 0.45703125 0.575 0.0890625 0.146875
11 0.3734375 0.58046875 0.090625 0.1453125
11 0.2890625 0.584375 0.090625 0.1453125
11 0.2046875 0.58828125 0.090625 0.146875
10 0.69296875 0.4203125 0.0859375 0.14375
10 0.61171875 0.4234375 0.0875 0.14375
10 0.5296875 0.42890625 0.0859375 0.14375
9 0.44765625 0.4328125 0.0875 0.1421875
9 0.365625 0.4375 0.0890625 0.1421875
9 0.28203125 0.44140625 0.0875 0.14375