18 0.11953125 0.4921875 0.0515625 0.090625
19 0.18203125 0.48984375 0.0484375 0.0921875
20 0.24375 0.490625 0.053125 0.090625
20 0.30625 0.48984375 0.05 0.0890625
21 0.36796875 0.4890625 0.0515625 0.0875
22 0.42890625 0.4890625 0.05 0.090625
23 0.48984375 0.49140625 0.05 0.0921875
23 0.54921875 0.48984375 0.046875 0.0890625
23 0.60859375 0.48984375 0.0453125 0.0890625
24 0.66875 0.48984375 0.05 0.0890625
24 0.728125 0.48984375 0.05 0.0953125
24 0.78828125 0.49140625 0.05 0.0921875
33 0.8484375 0.4890625 0.046875 0.078125
33 0.9078125 0.48984375 0.040625 0.0796875