28 0.8890625 0.71796875 0.0703125 0.1046875
8 0.828125 0.709375 0.0703125 0.109375
7 0.76953125 0.69453125 0.065625 0.10625
6 0.71015625 0.68125 0.0671875 0.10625
8 0.65078125 0.66796875 0.065625 0.10625
7 0.5921875 0.65234375 0.0671875 0.103125
6 0.53359375 0.6421875 0.0625 0.0984375
4 0.47265625 0.6296875 0.0609375 0.1046875
3 0.41640625 0.61796875 0.065625 0.109375
2 0.35546875 0.6078125 0.059375 0.1015625
32 0.2984375 0.59375 0.0640625 0.1015625
32 0.23984375 0.5828125 0.0640625 0.103125
32 0.1796875 0.5734375 0.0609375 0.1015625
1 0.1203125 0.56015625 0.0609375 0.1
1 0.06328125 0.54765625 0.059375 0.09375