40 0.14921875 0.56796875 0.0578125 0.078125
41 0.19765625 0.56171875 0.053125 0.078125
29 0.1015625 0.571875 0.053125 0.075
27 0.05625 0.5765625 0.046875 0.0734375
23 0.24296875 0.5578125 0.046875 0.0703125
23 0.28984375 0.5515625 0.046875 0.0765625
23 0.33671875 0.54375 0.0453125 0.0765625
34 0.3828125 0.53515625 0.0453125 0.0671875
34 0.43046875 0.5296875 0.0421875 0.0703125
34 0.4765625 0.5203125 0.040625 0.0640625
34 0.5234375 0.51640625 0.046875 0.0703125
37 0.571875 0.50859375 0.046875 0.0734375
37 0.62265625 0.503125 0.053125 0.0796875
37 0.671875 0.49609375 0.046875 0.0703125
24 0.721875 0.48671875 0.05625 0.0765625
24 0.77265625 0.48125 0.0609375 0.0734375
26 0.82421875 0.4765625 0.0609375 0.078125
26 0.87578125 0.46875 0.0625 0.0765625
26 0.92890625 0.4640625 0.0625 0.0796875