35 0.87265625 0.52734375 0.06875 0.14375
35 0.8140625 0.53671875 0.065625 0.1453125
35 0.7578125 0.546875 0.0640625 0.1453125
31 0.70234375 0.55625 0.0671875 0.14375
31 0.64453125 0.56484375 0.065625 0.14375
18 0.5890625 0.57265625 0.065625 0.1421875
18 0.53515625 0.58046875 0.065625 0.1375
18 0.48046875 0.5890625 0.0640625 0.1390625
8 0.425 0.6 0.065625 0.140625
8 0.371875 0.60625 0.065625 0.14375
8 0.31875 0.61640625 0.065625 0.1390625
9 0.2671875 0.62421875 0.065625 0.1390625
9 0.215625 0.63125 0.0625 0.1328125
9 0.16015625 0.6390625 0.065625 0.1359375
41 0.109375 0.6453125 0.0609375 0.1359375
27 0.05625 0.65 0.0578125 0.1375