16 0.907781571875 0.5513609500000001 0.923849534375 0.5317057875 0.9242047015624999 0.5276462109375 0.8991557265625 0.497958928125 0.8786073078125 0.5212087203125 0.9064227703125001 0.5512420703124999 0.907781571875 0.5513609500000001
16 0.645997653125 0.71667404375 0.6485880125000001 0.7169006718750001 0.692266053125 0.6867699875 0.69239438125 0.6853031953125 0.67335826875 0.65262476875 0.626685603125 0.683395525 0.6266224375 0.6841175140625 0.645997653125 0.71667404375
16 0.7516008000000001 0.5643287109374999 0.7516981296874999 0.563216225 0.7313315515625 0.5327866359375 0.7309910546875 0.532756846875 0.6908599 0.5619916828125 0.7141432453125 0.59402159375 0.7155857921875 0.5941478 0.7516008000000001 0.5643287109374999
15 0.7481095390625 0.7491347046875 0.7644754625 0.721941153125 0.7651223484375 0.7145472234375 0.7306501265625001 0.68732444375 0.7076849828125 0.7236796640625001 0.7464617890625 0.74899054375 0.7481095390625 0.7491347046875
13 0.773893759375 0.67610404375 0.7955026625 0.6541414718749999 0.795795503125 0.6507942921875001 0.7681345328125 0.614983765625 0.7413235640625 0.640638653125 0.770417584375 0.6757999171875 0.773893759375 0.67610404375
11 0.8058233921875001 0.63184346875 0.8217497343750001 0.5871958625 0.821764115625 0.587031490625 0.792122525 0.5727607359375 0.7755434203125 0.6175027859375 0.80578055625 0.631839721875 0.8058233921875001 0.63184346875
22 0.9576429890625 0.552586321875 0.9617721578125 0.52851245625 0.9622701328125001 0.5228205859374999 0.9307382859375 0.5141576890625 0.9288658156249999 0.5139938703125 0.924300028125 0.5444842984375 0.9241873671875 0.5457720078125 0.9532541625000001 0.5522023484374999 0.9576429890625 0.552586321875
20 0.89759826875 0.6806529109375 0.92653465625 0.662363784375 0.9267501062499999 0.65990119375 0.9166067390625001 0.6311675484375 0.8829961234375 0.651760465625 0.8953402359375 0.680455359375 0.89759826875 0.6806529109375
8 0.7941796109375 0.79080855625 0.8138402765625001 0.76723976875 0.8143574703124999 0.7613282109374999 0.787231321875 0.7302854437499999 0.7619260140625 0.75857865625 0.7896356921875001 0.7904110156249999 0.7941796109375 0.79080855625
7 0.7331266859375 0.7901725234375 0.7516283296874999 0.7612184890625 0.75213698125 0.7554045796875 0.714623684375 0.7298304546875001 0.6920275359375 0.7661059734375 0.7303652078125 0.789930925 0.7331266859375 0.7901725234375
5 0.90806866875 0.6329464296875 0.9329320203125 0.6071692578125 0.9331508843749999 0.6046676296875 0.916796021875 0.58066539375 0.887446275 0.60850045 0.9069427062500001 0.6328479203125 0.90806866875 0.6329464296875
6 0.8980143265624999 0.48637769375 0.89815189375 0.48480529375000003 0.87620909375 0.4639014171875 0.8757494343750001 0.4638612015625 0.8530977046875 0.4982978671875 0.8757214718749999 0.520323621875 0.8773097515625 0.520462578125 0.8980143265624999 0.48637769375
6 0.862200109375 0.78734876875 0.8693678453125001 0.76002545 0.869977615625 0.7530557421874999 0.83454813125 0.740344025 0.8231574796875 0.7776529437499999 0.8577570546875 0.7869600515624999 0.862200109375 0.78734876875
6 0.7969119515624999 0.731445803125 0.81471285 0.70348318125 0.8148701515625 0.7016852171875 0.7800477609375001 0.6745056296875 0.7590114 0.70735833125 0.7912547453125 0.7309508609375001 0.7969119515624999 0.731445803125
5 0.7309917671874999 0.6582343890625 0.7414391421875 0.6266939578125 0.741698884375 0.6237250921874999 0.695330228125 0.605652496875 0.6829118140625 0.6435233609375001 0.721363515625 0.6573920265625001 0.7309917671874999 0.6582343890625
4 0.78476824375 0.5625572375 0.803697259375 0.5425491250000001 0.8043161796874999 0.5354748375 0.776924746875 0.50231849375 0.7521837890625 0.5275682374999999 0.7839608625000001 0.5624866 0.78476824375 0.5625572375
3 0.9232588171874999 0.511934853125 0.938193115625 0.49325164062500004 0.9387336812499999 0.48707294218749997 0.9119319625 0.4579731765625 0.8950902578125 0.48161690312500005 0.9219124296875 0.511817059375 0.9232588171874999 0.511934853125
3 0.8092079640625001 0.6948783203125 0.8327263609375001 0.658936896875 0.8331190875000001 0.6544480125 0.8093721359374999 0.6347588171874999 0.7821585984375 0.6743072406249999 0.806275159375 0.6946217328125 0.8092079640625001 0.6948783203125
1 0.8193597109375 0.7585052234375 0.8442281515625 0.7246752765625 0.8447277265625001 0.7189651140625 0.8237240218749999 0.6980944609375 0.7959361015625 0.7342988421875 0.8179206656250001 0.7583793234375 0.8193597109375 0.7585052234375
1 0.7838630125 0.5899788375 0.783943353125 0.589060528125 0.75924891875 0.562581021875 0.7246142703125 0.59659368125 0.750914265625 0.6249658015625 0.7838630125 0.5899788375
2 0.84862728125 0.7155802171875 0.86405104375 0.6953030203125 0.8646814375 0.6880975890625 0.837141603125 0.6585821140625 0.8181746125 0.6868245984375 0.8442268140625 0.7151952265625 0.84862728125 0.7155802171875
2 0.8810064203125 0.6509688796875001 0.8826324328125 0.6511111374999999 0.9012374203125001 0.6274987750000001 0.8750426171875001 0.597598975 0.8544940609375 0.6182699 0.8810064203125 0.6509688796875001
2 0.9455642546874999 0.6425007421875 0.9633873062499999 0.617617296875 0.96394001875 0.611299753125 0.949317315625 0.5906979531250001 0.9248974046875 0.62103633125 0.9423883359375 0.642222884375 0.9455642546874999 0.6425007421875
1 0.9344959921875 0.6023206812499999 0.9377816453125 0.6026081390625 0.9605164359374999 0.5779359640624999 0.944705765625 0.5523599546875 0.9189025171875 0.5796923703125 0.9344959921875 0.6023206812499999
0 0.808157421875 0.431283703125 0.84763585 0.43473761718750004 0.8494734218750001 0.41373408281249996 0.8493079015625 0.40122270000000004 0.8080149499999999 0.39455597343750004 0.808157421875 0.431283703125
0 0.768439246875 0.8261998109375 0.771452575 0.8264634421875 0.79501414375 0.7975345218750001 0.7646099000000001 0.7639004109374999 0.7385904671875 0.7947047359375 0.768439246875 0.8261998109375
33 0.8713649875 0.560722659375 0.873220465625 0.5608849921875 0.8874646281249999 0.5352505875 0.8877247875000001 0.53227695625 0.8569287624999999 0.5051993984375 0.839036259375 0.5330313906249999 0.83902563125 0.5331528859375 0.8713649875 0.560722659375
33 0.8929420078125 0.5986851796875 0.9166969953124999 0.5776043234375 0.9170835687500001 0.5731857671875 0.902826828125 0.549231128125 0.8724809656250001 0.5729839812499999 0.88889238125 0.5983308828125 0.8929420078125 0.5986851796875
35 0.8651238375 0.682517171875 0.8811126093749999 0.6616375375 0.8816250203125 0.655780640625 0.8564159203124999 0.6274193953125 0.8338562312500001 0.6526103984375 0.860709121875 0.682130934375 0.8651238375 0.682517171875
31 0.8988561296875 0.7435017 0.9167063578124999 0.7209187234375001 0.9170549250000001 0.7169345875 0.89396605625 0.68763026875 0.871276746875 0.7117754921875 0.8973830062499999 0.7433728187499999 0.8988561296875 0.7435017
31 0.8503873593750001 0.496148615625 0.8507669343750001 0.49618182343750006 0.8660608562500001 0.468993434375 0.83155111875 0.4418225171875 0.8156203828124999 0.468191153125 0.8503873593750001 0.496148615625
31 0.8068408968749999 0.5346874421875001 0.8139660796875001 0.535310815625 0.83744500625 0.5332918249999999 0.8378985515625 0.5281077859375001 0.8340753984375 0.4862515328125 0.8038830671874999 0.4866423015625 0.8037502468750001 0.48816043750000004 0.8068408968749999 0.5346874421875001
32 0.845026771875 0.589787734375 0.8546253765625 0.5520514125 0.855039565625 0.547317215625 0.8260050578125 0.53571229375 0.814376503125 0.582021371875 0.8354873749999999 0.5889531453125 0.845026771875 0.589787734375
32 0.84268606875 0.641342409375 0.8534335765625001 0.601529115625 0.8536443640625 0.5991198015625 0.824781896875 0.588874703125 0.8122592578125 0.6349183734375 0.8321327078125 0.640419109375 0.84268606875 0.641342409375
21 0.4270740734375 0.8805663750000001 0.4460885640625 0.890537421875 0.447785603125 0.89068589375 0.514121125 0.8764251078124999 0.516170128125 0.853004903125 0.5157704421875 0.8262911734375 0.44614230781249997 0.8385250453124999 0.4268694984375 0.8299556296875 0.4270740734375 0.8805663750000001
21 0.426737565625 0.83090175625 0.44326468124999996 0.8385309031249999 0.4481702515625 0.8389600859374999 0.5137056328125 0.8273911765624999 0.5152320375 0.8099442968749999 0.5146067953125 0.777916196875 0.44577345 0.7872126515625 0.4261440578125 0.779443965625 0.426737565625 0.83090175625
20 0.426384153125 0.779237115625 0.44203455625 0.785095353125 0.452028928125 0.785969746875 0.5133668515625 0.777480428125 0.5158022843750001 0.7496433140625001 0.5153928249999999 0.7275588 0.4462857890625 0.7345567281250001 0.42630329843750003 0.7286239453125 0.426384153125 0.779237115625
19 0.4427461140625 0.7333981453125 0.44901038125000003 0.7339461984375 0.5130550078125 0.7272617859375 0.514219075 0.7139564390625 0.51361658125 0.6784282359375 0.5117347484375 0.678263596875 0.445342009375 0.6823484843750001 0.42559330468749995 0.6777105125 0.4256030734375 0.7285790109375 0.4427461140625 0.7333981453125
18 0.42542156875000003 0.67788235625 0.441842984375 0.681559671875 0.44968133281249995 0.6822454375 0.511109990625 0.6777827359375 0.5134121078125 0.6514694078125001 0.5126662859375 0.6283848390625 0.4426933828125 0.63088135 0.4251998375 0.6279192625000001 0.42542156875000003 0.67788235625
24 0.42484016406249997 0.6281362421875001 0.4269503109375 0.6284972703125 0.4530794171875 0.630783271875 0.51227504375 0.6286107609375 0.5126774578125 0.624011140625 0.5115487578125 0.5802424796875 0.4444312828125 0.5805402640625 0.42489162187499996 0.5784599328125 0.42484016406249997 0.6281362421875001
23 0.42524254843750003 0.529808440625 0.42514446718750004 0.5765798203125 0.4581717453125 0.5794693328125 0.511905278125 0.579054171875 0.512471540625 0.57258175625 0.51155406875 0.5313056359375 0.4441697609375 0.529389915625 0.42537016562499996 0.5283497703125 0.42524254843750003 0.529808440625
22 0.4255621921875 0.5279938421875 0.445112509375 0.5297042734375 0.5113597859375 0.5315061390625 0.51238188125 0.519823546875 0.5118287015625 0.48413762812499994 0.443940753125 0.479938575 0.4253532953125 0.48035478125 0.4255621921875 0.5279938421875
26 0.42417248125 0.43447330468749995 0.425128165625 0.477764878125 0.452560440625 0.48016489062499995 0.5108612781249999 0.48342108125000005 0.5116981796875 0.47385526406249995 0.5119543734375 0.43627131874999997 0.44090034375 0.43002493125 0.4244350734375 0.43147185937500004 0.42417248125 0.43447330468749995
25 0.42437362187499994 0.429076340625 0.43729727812499997 0.4302070140625 0.4415275796875 0.4297640453125 0.5087672453125001 0.435645278125 0.5110516031250001 0.4095349578125 0.511314909375 0.3881816328125 0.442029615625 0.3794770625 0.42346122499999994 0.38260435625 0.42437362187499994 0.429076340625
24 0.4231462578125 0.3386370359375 0.42360970625 0.3819554515625 0.425631325 0.3821323203125 0.44147404375 0.379609684375 0.50980098125 0.3879742671875 0.5103813296874999 0.381340865625 0.509377990625 0.3394842859375 0.441976078125 0.3293227015625 0.42360209062500004 0.3334268375 0.4231462578125 0.3386370359375
26 0.42334492968750004 0.33174129531249996 0.4260801953125 0.33198059999999996 0.4417913140625 0.3283187125 0.5062838421875 0.3385369640625 0.509356671875 0.30341436875 0.5092914953125 0.2909478828125 0.440711234375 0.27720960625 0.42274390625 0.2829619953125 0.42334492968750004 0.33174129531249996
25 0.42181221874999997 0.233139571875 0.4223628890625 0.2814643859375 0.42718390624999997 0.2818861703125 0.44076625468749997 0.27788318749999996 0.49088622812500005 0.2874594015625 0.5090450890625 0.2890480953125 0.5093486078125 0.28557885625 0.50866035625 0.2428877515625 0.439779546875 0.22738718125 0.42181221874999997 0.233139571875
24 0.4216525421875 0.1843790625 0.42137600312499995 0.232755521875 0.42270141875 0.2328714796875 0.4394311671875 0.2274169578125 0.48979074375 0.2387410359375 0.507040478125 0.2402501921875 0.5085354734374999 0.22316232187499999 0.5084239187499999 0.195796621875 0.4398009390625 0.1774930953125 0.4216525421875 0.1843790625
30 0.42151897343750006 0.13546634375 0.421239253125 0.1843919296875 0.43991038906249996 0.1775544171875 0.505863959375 0.19466167343750002 0.5063200609375 0.1947015765625 0.508542071875 0.16930386875 0.508665865625 0.14691675625 0.44008861718750003 0.12728598124999999 0.42151897343750006 0.13546634375
41 0.4227420984375 0.0857229734375 0.422678571875 0.1353112171875 0.44115026718749994 0.12723979218749998 0.5064932203125 0.14609420312500002 0.5074285578125 0.14617603437499999 0.5096599109375 0.120671565625 0.509278890625 0.09863246406250001 0.4405286734375 0.07670516250000001 0.4227420984375 0.0857229734375
38 0.42274291249999996 0.0384767734375 0.422445915625 0.0851419375 0.44040066875 0.0760966203125 0.50246681875 0.095550946875 0.5086732375 0.0960939375 0.50917238125 0.0903886953125 0.5092767203124999 0.0491922078125 0.44048490625000003 0.02531940625 0.42291149375000003 0.036549895312500004 0.42274291249999996 0.0384767734375