7 0.49921875 0.59453125 0.090625 0.1390625
7 0.421875 0.6046875 0.090625 0.1390625
7 0.34453125 0.61328125 0.0921875 0.1390625
5 0.78671875 0.428125 0.0859375 0.13125
5 0.7125 0.4359375 0.0875 0.1328125
5 0.63671875 0.44453125 0.0890625 0.134375
2 0.56015625 0.45546875 0.0875 0.1375
2 0.48515625 0.46328125 0.0875 0.134375
2 0.41015625 0.471875 0.090625 0.1359375
2 0.33359375 0.48203125 0.090625 0.1375
1 0.25625 0.4890625 0.0890625 0.1328125
0 0.6515625 0.578125 0.090625 0.1375
0 0.575 0.584375 0.0875 0.134375
0 0.17890625 0.496875 0.0921875 0.1359375