32 0.90390625 0.5125 0.06875 0.1125
32 0.84140625 0.50703125 0.071875 0.1125
32 0.77734375 0.5 0.06875 0.1078125
8 0.7140625 0.4953125 0.071875 0.1109375
8 0.6484375 0.48984375 0.071875 0.1109375
8 0.58203125 0.48359375 0.0703125 0.1109375
7 0.51953125 0.47578125 0.06875 0.109375
6 0.45390625 0.47109375 0.071875 0.1109375
5 0.3890625 0.465625 0.0703125 0.1125
5 0.32421875 0.45859375 0.0734375 0.1109375
4 0.25625 0.453125 0.075 0.1109375
3 0.1890625 0.4453125 0.0734375 0.1125
0 0.12109375 0.43984375 0.06875 0.1109375
0 0.053125 0.43203125 0.0703125 0.1171875