39 0.11015625 0.52421875 0.05 0.0921875
35 0.1703125 0.5234375 0.04765625 0.08515625
35 0.2296875 0.5234375 0.04453125 0.0875
35 0.28828125 0.5234375 0.0453125 0.084375
36 0.34921875 0.5203125 0.046875 0.084375
36 0.40859375 0.5203125 0.04375 0.07890625
10 0.4671875 0.51953125 0.04765625 0.08515625
11 0.525 0.51796875 0.04921875 0.0828125
12 0.5828125 0.51953125 0.05 0.0875
13 0.6421875 0.5171875 0.0515625 0.0828125
14 0.70078125 0.5171875 0.05 0.08515625
15 0.76015625 0.515625 0.04765625 0.084375
15 0.8171875 0.51484375 0.0453125 0.08046875
16 0.87578125 0.5125 0.04921875 0.08046875
17 0.93359375 0.5140625 0.05078125 0.08203125