38 0.0578125 0.684375 0.04453125 0.084375
41 0.1171875 0.67890625 0.05 0.08828125
39 0.1703125 0.67578125 0.0484375 0.084375
3 0.22734375 0.671875 0.046875 0.08203125
3 0.28046875 0.66640625 0.03984375 0.0796875
3 0.334375 0.6640625 0.04765625 0.08046875
30 0.38359375 0.659375 0.04296875 0.0828125
35 0.43984375 0.65703125 0.04296875 0.071875
35 0.49375 0.64921875 0.04140625 0.08203125
35 0.5421875 0.64296875 0.0421875 0.075
7 0.596875 0.64296875 0.046875 0.08203125
6 0.64765625 0.6375 0.04296875 0.0796875
5 0.70078125 0.6359375 0.0453125 0.08203125
5 0.753125 0.63203125 0.0484375 0.08359375
4 0.80546875 0.628125 0.046875 0.078125
2 0.8546875 0.6171875 0.03984375 0.07578125
1 0.90546875 0.6171875 0.03828125 0.07578125