35 0.86875 0.56015625 0.05625 0.140625
35 0.809375 0.5640625 0.053125 0.1421875
35 0.75234375 0.56953125 0.0515625 0.1421875
31 0.69609375 0.5734375 0.0546875 0.140625
31 0.6390625 0.57734375 0.0546875 0.140625
18 0.5828125 0.5796875 0.0546875 0.1390625
18 0.528125 0.58359375 0.0546875 0.1328125
18 0.47265625 0.58671875 0.053125 0.1359375
8 0.41640625 0.59296875 0.0546875 0.1375
8 0.36328125 0.59453125 0.053125 0.140625
8 0.309375 0.60078125 0.0546875 0.1359375
9 0.25703125 0.60390625 0.0546875 0.1359375
9 0.2046875 0.60546875 0.0515625 0.1296875
9 0.15 0.609375 0.0546875 0.1328125
41 0.0984375 0.6109375 0.05 0.1328125
27 0.0453125 0.61015625 0.046875 0.134375