29 0.11953125 0.67265625 0.0625 0.103125
4 0.18125 0.665625 0.0625 0.0984375
2 0.2375 0.65859375 0.0578125 0.096875
3 0.3015625 0.65 0.0578125 0.0984375
4 0.35703125 0.6375 0.059375 0.0921875
6 0.4171875 0.6296875 0.053125 0.0859375
5 0.47109375 0.615625 0.059375 0.09375
0 0.52578125 0.59453125 0.05625 0.0921875
1 0.5859375 0.5921875 0.053125 0.090625
2 0.63984375 0.5921875 0.05 0.0875
4 0.69375 0.5859375 0.059375 0.090625
4 0.7515625 0.57890625 0.0546875 0.0890625
8 0.809375 0.57578125 0.0578125 0.0890625
7 0.86484375 0.57421875 0.0578125 0.09375
6 0.91796875 0.56171875 0.0546875 0.0859375