6 0.7921875 0.665625 0.103125 0.1453125
5 0.715625 0.64375 0.1078125 0.15
4 0.6359375 0.621875 0.1078125 0.1484375
6 0.55859375 0.6015625 0.1078125 0.15
5 0.48203125 0.5796875 0.1078125 0.1484375
4 0.40390625 0.559375 0.109375 0.1515625
7 0.325 0.5390625 0.1125 0.15
6 0.24375 0.51640625 0.1140625 0.153125
5 0.1640625 0.49453125 0.1125 0.1546875
7 0.671875 0.4890625 0.1078125 0.146875
7 0.59453125 0.46640625 0.1046875 0.1421875
2 0.51796875 0.44609375 0.10625 0.1453125
2 0.4421875 0.42578125 0.109375 0.146875
2 0.3640625 0.40546875 0.109375 0.146875