30 0.071875 0.4890625 0.06875 0.0859375
17 0.88203125 0.6328125 0.05859375 0.07890625
17 0.81640625 0.634375 0.05390625 0.08125
17 0.75234375 0.63125 0.05078125 0.07734375
31 0.68984375 0.63359375 0.05234375 0.08125
31 0.6265625 0.63125 0.053125 0.08359375
36 0.56484375 0.628125 0.05625 0.07890625
36 0.50234375 0.6265625 0.05234375 0.07890625
34 0.440625 0.62578125 0.04765625 0.07578125
34 0.3765625 0.62265625 0.04375 0.078125
33 0.31640625 0.6203125 0.0421875 0.0703125
33 0.25625 0.615625 0.0421875 0.071875
33 0.19140625 0.615625 0.040625 0.078125
9 0.13046875 0.61953125 0.0515625 0.08359375