17 0.86953125 0.55390625 0.1109375 0.16875
17 0.77890625 0.56640625 0.109375 0.16875
17 0.6859375 0.5796875 0.115625 0.1765625
16 0.590625 0.5921875 0.1140625 0.1765625
15 0.49609375 0.603125 0.1140625 0.1734375
14 0.4015625 0.61484375 0.1125 0.175
13 0.30546875 0.6296875 0.1140625 0.1765625
12 0.20859375 0.64375 0.1125 0.171875
12 0.665625 0.41640625 0.1125 0.1703125
12 0.57109375 0.428125 0.1125 0.1671875
11 0.11015625 0.65546875 0.1125 0.171875
11 0.47734375 0.44140625 0.1125 0.1703125
10 0.38203125 0.45234375 0.1125 0.16875
9 0.2875 0.4640625 0.1125 0.1734375