17 0.8515625 0.646875 0.1046875 0.1671875
16 0.76171875 0.63671875 0.109375 0.16875
16 0.57890625 0.6078125 0.1109375 0.16875
15 0.67109375 0.62265625 0.1140625 0.171875
15 0.4875 0.596875 0.1125 0.1671875
15 0.30390625 0.5703125 0.109375 0.1671875
14 0.396875 0.58359375 0.109375 0.1671875
14 0.2109375 0.5578125 0.115625 0.171875
13 0.11796875 0.54453125 0.1140625 0.16875
11 0.69296875 0.46484375 0.1109375 0.1640625
11 0.6015625 0.4515625 0.1078125 0.1625
11 0.51171875 0.43984375 0.1078125 0.1640625
10 0.42109375 0.42578125 0.109375 0.1671875
10 0.3296875 0.41328125 0.109375 0.1671875