8 0.79296875 0.56953125 0.0796875 0.1375
7 0.7125 0.5734375 0.0796875 0.1421875
6 0.6328125 0.5765625 0.0828125 0.140625
4 0.5515625 0.58125 0.0828125 0.140625
3 0.47109375 0.58359375 0.08125 0.1421875
2 0.38984375 0.58828125 0.084375 0.14375
4 0.3078125 0.5921875 0.0859375 0.1421875
3 0.225 0.59609375 0.0859375 0.1421875
2 0.140625 0.6 0.0859375 0.140625
8 0.62578125 0.43515625 0.0796875 0.1390625
8 0.54453125 0.440625 0.0859375 0.1375
8 0.46640625 0.44453125 0.078125 0.134375
1 0.3859375 0.44765625 0.0828125 0.1375
1 0.30390625 0.45234375 0.0859375 0.1375