25 0.9109375 0.53125 0.075 0.109375
25 0.85234375 0.540625 0.0734375 0.1078125
25 0.79375 0.55234375 0.0765625 0.109375
23 0.73359375 0.56484375 0.078125 0.1109375
23 0.67265625 0.5765625 0.0765625 0.109375
22 0.6125 0.58671875 0.0796875 0.1109375
22 0.553125 0.59921875 0.078125 0.109375
22 0.4921875 0.6109375 0.078125 0.1109375
21 0.43125 0.6234375 0.0796875 0.1125
20 0.37109375 0.634375 0.08125 0.1140625
19 0.309375 0.64765625 0.0828125 0.1140625
20 0.24765625 0.659375 0.0796875 0.1140625
19 0.18515625 0.66953125 0.084375 0.115625
18 0.12421875 0.68125 0.078125 0.1125