28 0.11953125 0.56171875 0.0703125 0.1
33 0.18046875 0.5515625 0.0703125 0.0984375
33 0.23984375 0.5375 0.065625 0.0984375
33 0.29921875 0.52265625 0.06875 0.0984375
36 0.3578125 0.50859375 0.065625 0.0921875
36 0.4171875 0.49375 0.065625 0.0921875
36 0.471875 0.4796875 0.059375 0.090625
35 0.52890625 0.46875 0.0625 0.090625
35 0.5859375 0.45546875 0.0609375 0.0921875
35 0.6421875 0.44375 0.0609375 0.09375
34 0.69765625 0.43125 0.0578125 0.0921875
34 0.75390625 0.41640625 0.059375 0.0921875
34 0.809375 0.4046875 0.05625 0.0859375
32 0.86640625 0.3890625 0.053125 0.078125
32 0.91953125 0.37734375 0.0625 0.0875