27 0.096875 0.5453125 0.04609375 0.08046875
40 0.1453125 0.55 0.04453125 0.08046875
29 0.1953125 0.54765625 0.04296875 0.07578125
25 0.24453125 0.546875 0.03828125 0.07109375
25 0.29765625 0.546875 0.03984375 0.0734375
25 0.34765625 0.546875 0.04140625 0.0734375
19 0.39921875 0.54765625 0.03984375 0.07109375
19 0.44921875 0.54765625 0.03984375 0.0734375
19 0.5015625 0.54921875 0.03828125 0.07109375
35 0.55078125 0.546875 0.040625 0.06875
35 0.6015625 0.5453125 0.03984375 0.06640625
35 0.6515625 0.5453125 0.03828125 0.0671875
31 0.70390625 0.54453125 0.04140625 0.07109375
31 0.75546875 0.54453125 0.04453125 0.07109375
31 0.80859375 0.54296875 0.0453125 0.06875
33 0.8578125 0.54296875 0.04296875 0.0625
33 0.91484375 0.54140625 0.040625 0.0625