33 0.6917651140625 0.3845535671875 0.6931406765625 0.338134009375 0.6908605203125 0.3289888015625 0.612237103125 0.313115678125 0.6090292796875 0.3647764140625 0.688613125 0.385339446875 0.6917651140625 0.3845535671875
33 0.391467834375 0.1357489953125 0.3891145265625 0.106932228125 0.3858234546875 0.0937324578125 0.3224859375 0.092304278125 0.32419114531250004 0.1351017171875 0.3859218109375 0.137131775 0.391467834375 0.1357489953125
33 0.464581671875 0.3832247453125 0.49229574375 0.3463846875 0.49097645625 0.3410933171875 0.4320345609375 0.2955316046875 0.3996047078125 0.33809036875 0.4606458875 0.38420604687500004 0.464581671875 0.3832247453125
31 0.2009079578125 0.24928459531249997 0.2410473703125 0.22352387031249998 0.23871512187500002 0.21416973125 0.211971603125 0.17013867968750002 0.167288984375 0.19495402343749998 0.1996461078125 0.249599209375 0.2009079578125 0.24928459531249997
35 0.44508983124999996 0.0869521875 0.45570014218750005 0.051057740625 0.4550394046875 0.0484076640625 0.40041021875 0.0294240421875 0.38517659375 0.0636358390625 0.4417755453125 0.08777853125 0.44508983124999996 0.0869521875
35 0.8555752 0.3662558 0.8677527140624999 0.3086319859375 0.8659022296875 0.3012101 0.8111835375 0.2795879109375 0.7951716078125 0.342028290625 0.8514852093749999 0.3672755484375 0.8555752 0.3662558
32 0.6766854453125 0.31906899843750003 0.6741725671875 0.2749744703125 0.67163884375 0.2648122640625 0.595049803125 0.25501435625 0.5956194171875 0.3053753828125 0.675144496875 0.3194532 0.6766854453125 0.31906899843750003
0 0.7037961125 0.18670351406250002 0.7501293171875 0.17272250312499998 0.748615921875 0.1666526046875 0.7242353328125 0.12581075 0.66204785 0.1449799171875 0.68497728125 0.19139557499999998 0.7037961125 0.18670351406250002
15 0.8569151046875 0.4544900828125 0.84973650625 0.391381625 0.8455707718750001 0.37467377812499997 0.78216165625 0.3612818453125 0.7895783140625 0.4430829171875 0.8531268015625001 0.45543461250000006 0.8569151046875 0.4544900828125
9 0.48993071875 0.1192511109375 0.5062006171875 0.0663018953125 0.505782228125 0.0646238296875 0.46202203906249995 0.0507932453125 0.4434106953125 0.10307693124999999 0.4893299015625 0.11940091093750001 0.48993071875 0.1192511109375
16 0.5952098140625 0.168687771875 0.640641034375 0.14694553593749998 0.6388491921874999 0.1397588484375 0.6132786671875 0.1019927984375 0.5562691640625 0.131708509375 0.58216788125 0.171939490625 0.5952098140625 0.168687771875
18 0.2632053 0.1451837640625 0.25752973749999997 0.09587015156249999 0.255959265625 0.0895713296875 0.20847530781249998 0.0939143828125 0.2114447078125 0.14685034531250002 0.25504269218750003 0.14721893125000002 0.2632053 0.1451837640625
18 0.7089969078125 0.0936177828125 0.741609346875 0.0545877203125 0.740735675 0.051083614062500005 0.7010551781250001 0.025449209374999997 0.6653152437500001 0.0678482265625 0.706127325 0.09433325000000001 0.7089969078125 0.0936177828125
18 0.5685627875 0.10769760312500001 0.5798606953125 0.07109501093750001 0.57930964375 0.0688848640625 0.52130733125 0.0494079078125 0.5067444640625001 0.08535437968750001 0.566404396875 0.10823575 0.5685627875 0.10769760312500001
19 0.71267044375 0.36162761250000003 0.7831832578125 0.3440467921875 0.78007616875 0.331584940625 0.761206565625 0.2950767328125 0.6897763375 0.31280789531250003 0.71267044375 0.36162761250000003
20 0.1245977046875 0.430954590625 0.1462184859375 0.379257759375 0.1457470203125 0.3773668171875 0.0805513859375 0.3544519359375 0.0574099640625 0.40729588593750005 0.12309269062499999 0.4313298328125 0.1245977046875 0.430954590625
21 0.5531316562499999 0.40140509843750005 0.5696362390624999 0.3336456671875 0.5676822984375 0.32580884375 0.515405875 0.306504146875 0.49713481875000004 0.37599407500000004 0.552447909375 0.40157557656250004 0.5531316562499999 0.40140509843750005
21 0.5472331031250001 0 0.5361184812500001 0.0355397171875 0.5794595499999999 0.0502293859375 0.5851312578125001 0.0488152703125 0.5969783203125 0.0041174359374999995 0.5963821921875 0.0017264953125 0.5900868828125 0 0.5472331031250001 0
22 0.37192259375000003 0.077819153125 0.388414771875 0.0459974 0.3871970171875 0.0411132484375 0.331270228125 0.027249959375 0.31427233593750004 0.0589158296875 0.3693613609375 0.07845774062500001 0.37192259375000003 0.077819153125
22 0.41646534687500003 0.15850210781250001 0.41574503749999997 0.155613109375 0.3525955578125 0.15027194375 0.35174809375 0.15048324062500001 0.34797673906250004 0.19221749531250001 0.4141546671875 0.1993368859375 0.4161028546875 0.1988511484375 0.41646534687500003 0.15850210781250001
23 0.2942206390625 0.2356811328125 0.2974312578125 0.23488063593750003 0.31967859375 0.19718394374999998 0.26356929375 0.1638812765625 0.2385433796875 0.1994200015625 0.2942206390625 0.2356811328125
23 0.534761340625 0.2063039421875 0.583107390625 0.1809972328125 0.58242144375 0.1782460515625 0.554864121875 0.1405927421875 0.501703084375 0.1748501640625 0.5268290421875 0.2082816859375 0.534761340625 0.2063039421875
24 0.4714521171875 0 0.45494181093749997 0.0480162359375 0.45523288749999996 0.049183684374999995 0.4991884390625 0.062191553125 0.5023888921874999 0.0613935890625 0.5184764093750001 0.012198271875 0.5180658218749999 0.0105514921875 0.48064772187499993 0 0.4714521171875 0
24 0.48677196718750004 0.1892830296875 0.513042940625 0.138955828125 0.5125428515625 0.1369500828125 0.4720255265625 0.1173531046875 0.44277778906250004 0.166842034375 0.48392560625 0.18999270625 0.48677196718750004 0.1892830296875
25 0.613049384375 0 0.6131792468749999 0.007081621875000001 0.674682996875 0.013604843750000001 0.68018600625 0.0122327890625 0.6788585484375 0 0.613049384375 0
25 0.6382445484375 0.2478507703125 0.679543715625 0.24106032968750002 0.6877512765625 0.2390139546875 0.6863873046875 0.23354336406249998 0.6635823921874999 0.17749872656250001 0.6156193 0.18658735312500002 0.6382445484375 0.2478507703125
25 0.5716034828125001 0.2502591796875 0.623753978125 0.2277652640625 0.62310175625 0.22514934062499997 0.600914940625 0.187395446875 0.5400773296875 0.2147321453125 0.5610950296875 0.25287923125 0.5716034828125001 0.2502591796875
25 0.3007024359375 0.309750728125 0.3171902359375 0.26410968281249997 0.316968790625 0.263221515625 0.2518977953125 0.23746296562500002 0.2306003546875 0.28314954999999997 0.29772150937499997 0.31049395625 0.3007024359375 0.309750728125
26 0.6652728031249999 0.054599079687499996 0.6645202765625 0.0166655828125 0.6645125515625 0.0166345953125 0.5997823515625 0.011088048437500001 0.5989352375 0.049559140625 0.6576273984375 0.0565052921875 0.6652728031249999 0.054599079687499996
26 0.213755090625 0.3668564796875 0.2578032109375 0.31010396406249996 0.257613721875 0.3093439609375 0.2173387875 0.2815006 0.171548015625 0.33730580625 0.212592225 0.3671464140625 0.213755090625 0.3668564796875
1 0.37423631562500004 0.468553390625 0.393160178125 0.42025846875 0.391513334375 0.4136533375 0.32279079843749997 0.3859498671875 0.300753984375 0.43514063125 0.3718274953125 0.4691539765625 0.37423631562500004 0.468553390625
2 0.167742334375 0.14644068125 0.20398977031249999 0.1265635234375 0.20152874999999998 0.11669290624999999 0.1775130125 0.07731739062500001 0.135323340625 0.0990434515625 0.164344815625 0.147287778125 0.167742334375 0.14644068125
3 0.71666625625 0.239856309375 0.7679374375 0.22477088125 0.7668880171875 0.2205618890625 0.7451273734375 0.18347950625 0.680676440625 0.20113726875000001 0.70412515625 0.24298315625 0.71666625625 0.239856309375
3 0.2865279734375 0.4372805203125 0.31841926875 0.3723782015625 0.317864878125 0.3701546609375 0.26798318125 0.34766505312499996 0.2356559109375 0.4137745125 0.28252358593750004 0.4382789265625 0.2865279734375 0.4372805203125
3 0.1818228015625 0.30074273906250004 0.210002459375 0.260476934375 0.20992181875 0.2601535015625 0.1577897375 0.2272396734375 0.1262963546875 0.265577059375 0.179948759375 0.301209990625 0.1818228015625 0.30074273906250004
3 0.3876821453125 0.39434628125 0.3957235703125 0.3272005328125 0.3939121921875 0.319935496875 0.34575124062499996 0.31232276875 0.334021846875 0.380720209375 0.3866993109375 0.3945913296875 0.3876821453125 0.39434628125
4 0.44123544218750005 0.0963821328125 0.44013501875000005 0.091968578125 0.394346325 0.0899419609375 0.3931008671875 0.0902524890625 0.39508574531249996 0.14586277187500002 0.4407134484375 0.1460153578125 0.444110415625 0.1451683984375 0.44123544218750005 0.0963821328125
5 0.432540415625 0.27526949375 0.4630045328125 0.2611975375 0.46218595156250003 0.2579143890625 0.4270121390625 0.202354134375 0.3847211234375 0.22456560468750003 0.41648224999999994 0.27927324531250003 0.432540415625 0.27526949375
5 0.31645895 0.122244134375 0.32539471875000003 0.0709617046875 0.3249529078125 0.0691896984375 0.2810932859375 0.06090629374999999 0.267662365625 0.11239258125 0.3143086640625 0.12278026093750001 0.31645895 0.122244134375
5 0.5040893078125 0.47160474687500004 0.5297439671874999 0.40615956718749996 0.5285684625 0.401444875 0.48217518281249994 0.3750963421875 0.451236521875 0.44275468125 0.5002507734375 0.4725618 0.5040893078125 0.47160474687500004
6 0.23320021249999998 0.3922702125 0.23222078281249997 0.3883419390625 0.19244505 0.36089733281249997 0.192291753125 0.3609355546875 0.14650405625000001 0.42311424531249997 0.1899242921875 0.45653552187499996 0.19127454531250002 0.45619886562499995 0.23320021249999998 0.3922702125
6 0.6666704765625 0.141208625 0.708712571875 0.12286554218750001 0.707886965625 0.1195542125 0.67914970625 0.0815560484375 0.6225328859375 0.1060373125 0.649265984375 0.1455480515625 0.6666704765625 0.141208625
6 0.7284130234374999 0.2981201953125 0.78396866875 0.2826099421875 0.782923484375 0.27841793593749997 0.7580989125 0.23535862968750002 0.6934489140625 0.2536761359375 0.71650025 0.3010903828125 0.7284130234374999 0.2981201953125
7 0.3892251015625 0.3086138875 0.3976018671875 0.263688315625 0.3958109546875 0.256505359375 0.330038946875 0.24318539687500002 0.3209146359375 0.2932434453125 0.3886439671875 0.30875878125 0.3892251015625 0.3086138875
7 0.5457024796875001 0.30824770625000003 0.5713909734375 0.2696378703125 0.5711359203125 0.2686149046875 0.5130207109375 0.22729452499999997 0.4858628625 0.2641214765625 0.544544609375 0.308536396875 0.5457024796875001 0.30824770625000003
8 0.31827126250000004 0.18942629375 0.342959128125 0.154326090625 0.3420507234375 0.1506826828125 0.2919549359375 0.122802521875 0.26702658281249997 0.15661610312500002 0.31648567656250004 0.189871490625 0.31827126250000004 0.18942629375
8 0.734903190625 0.46397672968750003 0.7813038156250001 0.4140131171875 0.7799914125 0.4087493578125 0.7320379499999999 0.368828684375 0.6864871124999999 0.42163939062500005 0.731928134375 0.46471849374999996 0.734903190625 0.46397672968750003
8 0.6251357109375 0.4671898296875 0.6900578671875001 0.442026065625 0.6887490484375001 0.4367766796875 0.6590326640625 0.38564620625 0.5904998203125 0.41081480312499996 0.619053284375 0.4687063484375 0.6251357109375 0.4671898296875
17 1 0.5712549953125 0.9417424953125 0.5759384828125 0.9819526703125 0.685052028125 1 0.6829944015625 1 0.5712549953125
17 0.9074716515624999 0.6900026671874999 0.9725970359374999 0.6849110781250001 0.9758598046875001 0.684097578125 0.9702998921875 0.6617979828125 0.9404302343750001 0.5783488453125 0.87256214375 0.582669209375 0.9074716515624999 0.6900026671874999
13 0.8336533828125001 0.689673246875 0.8991949796875 0.687108928125 0.9023397703124999 0.68632484375 0.8984856234375 0.6708667078125 0.868705225 0.5805753499999999 0.80083713125 0.5848957125 0.8336533828125001 0.689673246875
13 0.7581859515625 0.6933371312500001 0.8216218281250001 0.69034675 0.8273036484375 0.6889301125 0.8191469734375 0.6562154796875 0.7953340437499999 0.583232578125 0.7306404718749999 0.588223671875 0.7581859515625 0.6933371312500001
13 0.6875681328125001 0.699080453125 0.742331528125 0.6956230375 0.755677703125 0.6922954625 0.7482294390625001 0.662422103125 0.7283812968750001 0.5878200953125 0.6636877250000001 0.5928111875 0.6875681328125001 0.699080453125
11 0.67195191875 0.6970673078125 0.6821576687500001 0.694522728125 0.6561380984375 0.5901639328125 0.5940497265625 0.5949540343749999 0.615914925 0.7019745625 0.67195191875 0.6970673078125
11 0.6031558734375 0.704558084375 0.6131367812499999 0.702069565625 0.5951327921875 0.61675025 0.5907016656249999 0.59897796875 0.526678028125 0.603917378125 0.54449525 0.704295484375 0.5455786078125 0.7086405953125 0.6031558734375 0.704558084375
11 0.541926753125 0.7069415484375 0.52842045625 0.6269056140625 0.522348090625 0.6025506859374999 0.45950040625 0.6104646796875 0.47496941406250004 0.7130878984375 0.5392314 0.707613575 0.541926753125 0.7069415484375
34 0.47070921875 0.7134257374999999 0.4574421453125 0.619951090625 0.454550996875 0.6083553265625 0.393345540625 0.6136952421874999 0.40554499374999997 0.7202285265625 0.4699552234375 0.7136137296875 0.47070921875 0.7134257374999999
34 0.38997825937499997 0.6206334609375 0.38850819375 0.61473735 0.32901187187500003 0.61992815 0.32680124843749997 0.6204793203125 0.3348494046875 0.72148135625 0.3974506 0.717198159375 0.402300303125 0.7159889921875 0.38997825937499997 0.6206334609375
34 0.3312827265625 0.7224233265625 0.3226168171875 0.628185403125 0.320729015625 0.6206138453125 0.2594544890625 0.6238605015625 0.26469054999999997 0.72878966875 0.3238965875 0.7242648968750001 0.3312827265625 0.7224233265625
12 0.24026470781249998 0.7306236625 0.259606 0.7258013375 0.25410929531250004 0.6260877703125 0.191649009375 0.629397253125 0.19386104531249998 0.7350803953125 0.24026470781249998 0.7306236625
12 0.17608000625 0.7417957046875 0.189278225 0.73850501875 0.186617621875 0.6381702859375 0.185914003125 0.635348228125 0.12408161874999998 0.63862444375 0.11977147031249999 0.7446693890625 0.12002473124999999 0.7456851624999999 0.17608000625 0.7417957046875
12 0.11647329843750001 0.742164321875 0.11880789375 0.6503829515625 0.11666720625 0.6417971234375 0.056463696875000004 0.641726415625 0.050618264062499994 0.747271184375 0.10188661562500001 0.745801190625 0.11647329843750001 0.742164321875