38 0.0921875 0.58359375 0.05390625 0.0671875
27 0.040625 0.58125 0.04296875 0.06640625
6 0.1421875 0.58828125 0.0421875 0.0703125
6 0.18984375 0.58984375 0.04140625 0.06953125
6 0.23984375 0.58984375 0.040625 0.07265625
37 0.2875 0.59453125 0.04296875 0.06796875
37 0.3390625 0.59921875 0.04375 0.0703125
37 0.39140625 0.6 0.0453125 0.07109375
37 0.4453125 0.60390625 0.04375 0.06953125
24 0.50234375 0.60625 0.0421875 0.06875
24 0.56015625 0.609375 0.046875 0.078125
24 0.6171875 0.6140625 0.04609375 0.0796875
12 0.67734375 0.61796875 0.0453125 0.07890625
12 0.73671875 0.6234375 0.05078125 0.07890625
32 0.79921875 0.62265625 0.04921875 0.075
32 0.86328125 0.62734375 0.04921875 0.078125
32 0.93515625 0.63515625 0.0546875 0.08203125