25 0.93671875 0.44765625 0.065625 0.1078125
25 0.87109375 0.45625 0.06875 0.1078125
25 0.8046875 0.4734375 0.0703125 0.1125
24 0.74140625 0.48125 0.0734375 0.1140625
23 0.67421875 0.49375 0.078125 0.1140625
22 0.60859375 0.50546875 0.075 0.1125
22 0.54140625 0.51640625 0.0765625 0.1125
22 0.47578125 0.5296875 0.0734375 0.1140625
21 0.40703125 0.53984375 0.078125 0.1171875
20 0.33671875 0.55078125 0.0828125 0.1203125
20 0.196875 0.57421875 0.08125 0.1203125
19 0.2671875 0.5625 0.08125 0.11875
19 0.125 0.584375 0.0796875 0.11875
18 0.05546875 0.5984375 0.078125 0.1125