28 0.053125 0.5015625 0.04375 0.071875
29 0.10078125 0.49375 0.046875 0.071875
17 0.15390625 0.48671875 0.0484375 0.0703125
17 0.203125 0.484375 0.0453125 0.075
17 0.2546875 0.48203125 0.046875 0.0734375
17 0.31015625 0.47265625 0.053125 0.0703125
3 0.36171875 0.46484375 0.0453125 0.0703125
3 0.41796875 0.4578125 0.0453125 0.0671875
3 0.46953125 0.453125 0.05 0.071875
2 0.52890625 0.4484375 0.05625 0.0703125
2 0.58671875 0.44140625 0.0546875 0.0796875
2 0.6453125 0.43671875 0.0578125 0.075
4 0.70625 0.4265625 0.0578125 0.0765625
4 0.76640625 0.421875 0.05625 0.0734375
4 0.82890625 0.4125 0.0609375 0.0765625
6 0.89453125 0.4046875 0.0640625 0.078125
6 0.9609375 0.40234375 0.059375 0.075