17 0.92734375 0.65625 0.0578125 0.090625
26 0.87109375 0.65859375 0.0625 0.0921875
35 0.81328125 0.65 0.053125 0.0921875
31 0.75703125 0.6484375 0.0578125 0.0875
37 0.69921875 0.6359375 0.065625 0.09375
32 0.64609375 0.58671875 0.0515625 0.0859375
32 0.584375 0.625 0.053125 0.0875
33 0.5265625 0.62734375 0.0578125 0.0859375
33 0.46875 0.62734375 0.0546875 0.0875
0 0.40703125 0.621875 0.0578125 0.090625
0 0.34765625 0.61796875 0.065625 0.0953125
0 0.2859375 0.61171875 0.0625 0.090625
8 0.2265625 0.6109375 0.065625 0.0953125
8 0.16328125 0.60546875 0.0609375 0.09375
8 0.10078125 0.6078125 0.0671875 0.103125
40 0.0390625 0.5984375 0.0640625 0.1015625