11 0.93125 0.5046875 0.0578125 0.0640625
13 0.86640625 0.50703125 0.071875 0.065625
16 0.8 0.5125 0.0609375 0.0625
9 0.7390625 0.51953125 0.0625 0.0625
12 0.67265625 0.515625 0.065625 0.075
15 0.60703125 0.51953125 0.059375 0.06875
11 0.54453125 0.5265625 0.0578125 0.0671875
16 0.47734375 0.528125 0.053125 0.06875
17 0.41015625 0.52890625 0.0515625 0.0671875
15 0.34296875 0.5359375 0.0515625 0.071875
14 0.2765625 0.53828125 0.0546875 0.0734375
14 0.21015625 0.54296875 0.0578125 0.075
17 0.13984375 0.5453125 0.0578125 0.075
16 0.07734375 0.55 0.059375 0.06875