40 0.78828125 0.78203125 0.0453125 0.0828125
38 0.746875 0.784375 0.0421875 0.0796875
27 0.70546875 0.79453125 0.0453125 0.0796875
14 0.6625 0.79609375 0.0421875 0.08125
13 0.61875 0.78828125 0.040625 0.0796875
12 0.57734375 0.79140625 0.040625 0.0796875
11 0.53515625 0.7890625 0.0453125 0.0828125
10 0.490625 0.79921875 0.0390625 0.0796875
9 0.4484375 0.80234375 0.0421875 0.084375
17 0.4046875 0.81171875 0.0390625 0.0828125
17 0.3625 0.8359375 0.0390625 0.0796875
15 0.31875 0.83046875 0.0375 0.0828125
12 0.275 0.8421875 0.0375 0.0796875
17 0.22890625 0.8625 0.0375 0.0875
16 0.18515625 0.86171875 0.040625 0.0859375
15 0.1375 0.86328125 0.0421875 0.0828125