28 0.07734375 0.35546875 0.05 0.075
29 0.125 0.36484375 0.0546875 0.0765625
17 0.1765625 0.375 0.05625 0.075
17 0.22421875 0.38828125 0.053125 0.078125
17 0.27421875 0.403125 0.0546875 0.0765625
17 0.3296875 0.4125 0.059375 0.0734375
3 0.38125 0.421875 0.053125 0.075
3 0.4359375 0.4328125 0.053125 0.071875
3 0.48671875 0.4453125 0.0578125 0.0765625
2 0.54453125 0.46015625 0.0625 0.075
2 0.60078125 0.47265625 0.0625 0.0828125
2 0.6578125 0.4875 0.0640625 0.0796875
4 0.71875 0.49765625 0.0640625 0.08125
4 0.77734375 0.5125 0.0640625 0.078125
4 0.8390625 0.52421875 0.06875 0.0828125
6 0.90390625 0.53828125 0.071875 0.0828125
6 0.9671875 0.55703125 0.065625 0.0796875