8 0.7703125 0.63359375 0.1 0.146875
7 0.690625 0.61875 0.1 0.1515625
6 0.61171875 0.6046875 0.103125 0.15
4 0.53203125 0.590625 0.103125 0.15
3 0.453125 0.575 0.1015625 0.1515625
2 0.37265625 0.5609375 0.1046875 0.153125
4 0.2921875 0.54609375 0.10625 0.1515625
3 0.21015625 0.53203125 0.10625 0.1515625
2 0.12734375 0.51640625 0.10625 0.15
8 0.6375 0.465625 0.1 0.1484375
8 0.55703125 0.45234375 0.1046875 0.146875
8 0.47890625 0.43828125 0.096875 0.14375
1 0.4 0.4234375 0.1015625 0.146875
1 0.31953125 0.409375 0.10625 0.1484375