34 0.90859375 0.7203125 0.0390625 0.11875
34 0.853125 0.7234375 0.04375 0.121875
34 0.79765625 0.725 0.05 0.13125
19 0.7453125 0.72265625 0.04375 0.1265625
19 0.69375 0.7171875 0.05 0.13125
21 0.63984375 0.7234375 0.0484375 0.125
22 0.5875 0.72421875 0.046875 0.1296875
23 0.53515625 0.72578125 0.0484375 0.1296875
22 0.48203125 0.72578125 0.0515625 0.1328125
22 0.42890625 0.728125 0.0515625 0.13125
22 0.37734375 0.7296875 0.0515625 0.134375
18 0.325 0.7296875 0.053125 0.134375
19 0.27109375 0.7296875 0.0515625 0.13125
20 0.21953125 0.73125 0.0484375 0.13125
30 0.16875 0.73046875 0.05 0.1296875
28 0.1140625 0.73125 0.05625 0.13125
39 0.06015625 0.73125 0.0484375 0.128125