26 0.84296875 0.69765625 0.075 0.109375
26 0.78515625 0.684375 0.078125 0.1109375
26 0.728125 0.671875 0.078125 0.1109375
25 0.6671875 0.65859375 0.08125 0.1140625
24 0.60703125 0.64453125 0.0796875 0.1140625
22 0.54765625 0.6296875 0.0796875 0.1140625
22 0.4890625 0.61640625 0.078125 0.1125
22 0.43046875 0.603125 0.08125 0.115625
21 0.3703125 0.58984375 0.084375 0.1171875
20 0.309375 0.57421875 0.084375 0.115625
19 0.24921875 0.5609375 0.0828125 0.1109375
20 0.18984375 0.54921875 0.0828125 0.115625
19 0.1265625 0.53359375 0.084375 0.115625
18 0.0640625 0.51796875 0.08125 0.1171875