7 0.78828125 0.60703125 0.08046875 0.14140625
7 0.70390625 0.60703125 0.0796875 0.14296875
7 0.61875 0.60625 0.08046875 0.1421875
6 0.53359375 0.60625 0.08125 0.1421875
5 0.44921875 0.60546875 0.0828125 0.14375
5 0.3640625 0.60625 0.0828125 0.14375
4 0.27734375 0.60703125 0.08671875 0.14453125
3 0.1890625 0.60703125 0.0890625 0.14453125
3 0.69921875 0.4609375 0.08125 0.14296875
2 0.61484375 0.459375 0.08125 0.140625
1 0.53046875 0.459375 0.08125 0.140625
2 0.44765625 0.46015625 0.08125 0.140625
1 0.3625 0.46015625 0.08515625 0.1421875
0 0.2765625 0.45625 0.0859375 0.14140625