12 0.84609375 0.57734375 0.0546875 0.0828125
10 0.78984375 0.5796875 0.0515625 0.0828125
16 0.73359375 0.58359375 0.0515625 0.0859375
16 0.678125 0.58203125 0.053125 0.0828125
17 0.6203125 0.58671875 0.05625 0.0890625
17 0.56328125 0.58671875 0.05 0.0859375
17 0.50625 0.58671875 0.053125 0.084375
36 0.44921875 0.59140625 0.0515625 0.0875
36 0.3890625 0.59453125 0.053125 0.0828125
36 0.328125 0.59453125 0.046875 0.0875
13 0.2671875 0.6015625 0.05 0.0859375
13 0.20546875 0.6015625 0.0515625 0.084375
13 0.1453125 0.603125 0.053125 0.0953125
38 0.08359375 0.60625 0.0515625 0.09375