7 0.71796875 0.5453125 0.1015625 0.15625
7 0.6296875 0.55546875 0.1 0.1578125
7 0.54140625 0.565625 0.103125 0.159375
6 0.4546875 0.57421875 0.103125 0.1578125
6 0.36484375 0.5859375 0.10625 0.159375
6 0.2734375 0.5953125 0.1046875 0.159375
2 0.7875 0.3859375 0.0953125 0.153125
2 0.69921875 0.39375 0.0984375 0.15625
2 0.61328125 0.40390625 0.1 0.15625
2 0.52421875 0.41328125 0.0984375 0.153125
1 0.4375 0.42265625 0.1015625 0.15625
0 0.3484375 0.4296875 0.1015625 0.1515625
0 0.2578125 0.440625 0.103125 0.1578125
0 0.16796875 0.44921875 0.1015625 0.15625