17 0.90703125 0.60390625 0.05546875 0.10234375
17 0.84453125 0.6046875 0.05625 0.10546875
17 0.78359375 0.60703125 0.05546875 0.10625
15 0.72109375 0.60703125 0.0578125 0.10546875
15 0.659375 0.60625 0.05703125 0.1046875
15 0.596875 0.60625 0.059375 0.1046875
13 0.534375 0.60546875 0.05859375 0.10234375
13 0.4734375 0.60625 0.0578125 0.1046875
13 0.4125 0.6078125 0.059375 0.1046875
11 0.3515625 0.6078125 0.06015625 0.10546875
11 0.2875 0.6078125 0.0625 0.10546875
11 0.22421875 0.60859375 0.0640625 0.10625
9 0.16015625 0.609375 0.06484375 0.1046875
9 0.0984375 0.60859375 0.0546875 0.103125