25 0.89375 0.5359375 0.08125 0.0890625
24 0.81953125 0.52265625 0.084375 0.0890625
23 0.746875 0.51171875 0.071875 0.090625
20 0.678125 0.50078125 0.0828125 0.096875
19 0.603125 0.4859375 0.0703125 0.0890625
18 0.53515625 0.46875 0.071875 0.0859375
19 0.459375 0.45859375 0.0609375 0.078125
19 0.39140625 0.446875 0.065625 0.0828125
26 0.690625 0.3765625 0.071875 0.078125
25 0.6234375 0.36640625 0.065625 0.0828125
24 0.559375 0.35625 0.0734375 0.0875
37 0.4921875 0.34140625 0.065625 0.08125
37 0.42734375 0.328125 0.065625 0.0828125
37 0.3640625 0.31640625 0.0625 0.08125
40 0.296875 0.3078125 0.0734375 0.0890625
39 0.23125 0.296875 0.071875 0.084375