31 0.93828125 0.42734375 0.0703125 0.1015625
31 0.8734375 0.440625 0.0703125 0.1078125
34 0.80625 0.4515625 0.071875 0.10625
34 0.7390625 0.465625 0.0703125 0.1046875
34 0.67109375 0.4765625 0.0671875 0.1046875
33 0.60546875 0.4890625 0.0703125 0.1046875
33 0.53828125 0.5015625 0.071875 0.103125
33 0.46875 0.5109375 0.06875 0.103125
24 0.4046875 0.52578125 0.078125 0.11875
23 0.33203125 0.53515625 0.0734375 0.1125
22 0.26484375 0.54765625 0.0734375 0.1078125
24 0.19609375 0.5625 0.0765625 0.115625
23 0.12890625 0.57421875 0.0734375 0.1125
22 0.059375 0.584375 0.0734375 0.1109375