15 0.76015625 0.56640625 0.1109375 0.1625
14 0.67265625 0.58203125 0.1109375 0.1625
11 0.4703125 0.46171875 0.1109375 0.1609375
16 0.84609375 0.54921875 0.1078125 0.159375
16 0.58359375 0.59609375 0.1125 0.1625
15 0.49609375 0.6125 0.1125 0.1640625
14 0.409375 0.6296875 0.1109375 0.1640625
14 0.321875 0.6453125 0.1140625 0.165625
13 0.23203125 0.6609375 0.1140625 0.1640625
12 0.14375 0.67421875 0.1125 0.1625
10 0.64453125 0.43046875 0.1125 0.1640625
10 0.55625 0.44453125 0.1109375 0.1609375
10 0.384375 0.47734375 0.1140625 0.1625
9 0.2953125 0.4921875 0.1125 0.1640625