28 0.24140625 0.26796875 0.0796875 0.1109375
38 0.16484375 0.2546875 0.08125 0.1078125
26 0.659375 0.5046875 0.0859375 0.109375
26 0.57890625 0.48671875 0.084375 0.1078125
22 0.96015625 0.384375 0.0796875 0.1
22 0.8890625 0.375 0.0734375 0.096875
22 0.81640625 0.36328125 0.0734375 0.0953125
21 0.7453125 0.353125 0.078125 0.1015625
21 0.67265625 0.340625 0.0765625 0.1078125
21 0.6 0.33125 0.0796875 0.109375
21 0.53046875 0.31875 0.08125 0.1140625
11 0.503125 0.47421875 0.0828125 0.11875
11 0.42578125 0.4609375 0.08125 0.115625
11 0.3453125 0.446875 0.075 0.1140625
17 0.45546875 0.30390625 0.0734375 0.103125
17 0.3828125 0.29140625 0.0703125 0.1046875
17 0.3109375 0.2765625 0.071875 0.10625