41 0.9328125 0.63828125 0.0875 0.1546875
5 0.86875 0.625 0.084375 0.1578125
4 0.80625 0.6140625 0.0890625 0.1578125
3 0.7453125 0.5984375 0.0859375 0.1546875
8 0.6828125 0.58828125 0.0890625 0.159375
7 0.6203125 0.57578125 0.0890625 0.1625
6 0.55859375 0.56484375 0.0890625 0.1609375
7 0.49765625 0.55234375 0.0890625 0.159375
6 0.43515625 0.5390625 0.084375 0.1546875
5 0.3765625 0.52578125 0.0859375 0.1578125
4 0.315625 0.51328125 0.0828125 0.1546875
4 0.25390625 0.50078125 0.0796875 0.15625
34 0.1953125 0.484375 0.075 0.146875
34 0.13359375 0.48046875 0.078125 0.1484375
34 0.0734375 0.4625 0.0796875 0.1546875