25 0.9109375 0.5234375 0.0765625 0.109375
25 0.853125 0.53515625 0.075 0.1078125
25 0.79453125 0.54765625 0.078125 0.1109375
23 0.734375 0.56015625 0.0796875 0.1125
23 0.67421875 0.5734375 0.078125 0.109375
22 0.6140625 0.58515625 0.0796875 0.1125
22 0.5546875 0.59765625 0.0796875 0.1109375
22 0.49453125 0.6109375 0.0796875 0.1125
21 0.43359375 0.62421875 0.08125 0.1140625
20 0.3734375 0.63671875 0.0828125 0.1140625
19 0.31171875 0.65078125 0.084375 0.115625
20 0.25078125 0.66328125 0.08125 0.1140625
19 0.18828125 0.675 0.0859375 0.115625
18 0.12734375 0.6875 0.0796875 0.1140625