18 0.8953125 0.4234375 0.0625 0.0765625
18 0.828125 0.42265625 0.065625 0.0796875
19 0.7640625 0.41484375 0.05625 0.078125
20 0.70390625 0.41171875 0.059375 0.0796875
21 0.64296875 0.40859375 0.053125 0.075
20 0.58359375 0.4125 0.0546875 0.0765625
20 0.5203125 0.4015625 0.05 0.078125
20 0.46171875 0.403125 0.05625 0.0734375
23 0.4 0.4 0.05 0.0828125
24 0.33984375 0.4 0.0546875 0.08125
25 0.27578125 0.39453125 0.04375 0.075
23 0.21796875 0.39765625 0.0484375 0.0796875
24 0.15703125 0.39609375 0.0515625 0.0796875
25 0.09609375 0.39296875 0.046875 0.075