29 0.8921875 0.6375 0.0796875 0.1140625
36 0.83125 0.64765625 0.065625 0.0953125
36 0.77578125 0.65859375 0.0671875 0.1
36 0.72109375 0.67421875 0.065625 0.1
32 0.6640625 0.6875 0.0671875 0.1046875
32 0.61015625 0.70078125 0.065625 0.1046875
23 0.55390625 0.71484375 0.0703125 0.109375
22 0.4953125 0.71953125 0.0609375 0.1015625
21 0.44140625 0.7375 0.06875 0.1078125
25 0.38359375 0.7515625 0.0625 0.109375
24 0.3265625 0.76328125 0.065625 0.1125
23 0.2703125 0.778125 0.0625 0.1140625
20 0.21328125 0.78046875 0.05625 0.103125
19 0.1546875 0.79453125 0.059375 0.109375
18 0.09765625 0.80546875 0.0640625 0.103125