41 0.10625 0.5890625 0.0546875 0.0625
40 0.05390625 0.596875 0.0625 0.06875
22 0.92421875 0.528125 0.0640625 0.078125
22 0.86484375 0.53203125 0.05625 0.0703125
22 0.80546875 0.5390625 0.05625 0.071875
18 0.7484375 0.54375 0.059375 0.071875
18 0.690625 0.546875 0.05625 0.06875
1 0.63359375 0.55234375 0.0546875 0.0671875
1 0.5765625 0.55390625 0.053125 0.0671875
1 0.521875 0.5578125 0.046875 0.0703125
4 0.46875 0.56015625 0.05 0.0640625
4 0.4140625 0.5671875 0.05 0.06875
4 0.36328125 0.57265625 0.053125 0.0703125
21 0.30859375 0.575 0.0515625 0.0546875
21 0.2578125 0.57890625 0.0453125 0.0515625
21 0.2078125 0.5828125 0.05 0.0546875
21 0.15625 0.5875 0.05 0.05625