37 0.92734375 0.40703125 0.078125 0.115625
37 0.86328125 0.41953125 0.0765625 0.115625
37 0.80078125 0.43359375 0.0765625 0.1171875
7 0.73515625 0.4453125 0.075 0.1140625
7 0.66953125 0.459375 0.08125 0.11875
7 0.60390625 0.47421875 0.0734375 0.1140625
4 0.5390625 0.4859375 0.0765625 0.1125
3 0.4734375 0.4984375 0.0796875 0.1125
2 0.40625 0.5125 0.0765625 0.1125
1 0.34140625 0.52421875 0.0765625 0.1125
1 0.27109375 0.53984375 0.0765625 0.109375
1 0.20625 0.55390625 0.078125 0.1125
0 0.1375 0.56640625 0.0828125 0.11875
0 0.06484375 0.5796875 0.0734375 0.109375