26 0.9046875 0.5265625 0.0765625 0.1109375
25 0.8453125 0.53828125 0.0734375 0.1125
24 0.784375 0.55 0.0765625 0.1125
23 0.7234375 0.5625 0.078125 0.1125
23 0.66171875 0.5765625 0.0796875 0.1125
23 0.59921875 0.5890625 0.08125 0.1140625
21 0.53828125 0.60078125 0.08125 0.1140625
21 0.47734375 0.61328125 0.08125 0.1171875
22 0.41484375 0.62734375 0.0828125 0.1171875
21 0.35078125 0.640625 0.084375 0.1171875
20 0.28671875 0.65390625 0.0859375 0.1203125
18 0.22265625 0.66796875 0.0828125 0.1171875
18 0.159375 0.68046875 0.0859375 0.11875
18 0.096875 0.6921875 0.084375 0.11875