28 0.12109375 0.57890625 0.0640625 0.090625
36 0.17265625 0.57109375 0.059375 0.0828125
36 0.2203125 0.56015625 0.05625 0.08125
36 0.2734375 0.55234375 0.0625 0.0828125
36 0.3203125 0.5421875 0.05625 0.08125
5 0.36953125 0.53359375 0.0578125 0.0875
5 0.41953125 0.521875 0.0546875 0.08125
5 0.47109375 0.51328125 0.0578125 0.0859375
0 0.51875 0.50234375 0.05625 0.08125
0 0.565625 0.490625 0.059375 0.08125
0 0.61484375 0.478125 0.0546875 0.08125
0 0.66640625 0.46875 0.059375 0.075
3 0.71953125 0.4609375 0.059375 0.0828125
3 0.7671875 0.45 0.059375 0.08125
3 0.81640625 0.44140625 0.0578125 0.0796875
4 0.8625 0.42734375 0.059375 0.0828125
4 0.91171875 0.41875 0.0625 0.0859375