39 0.89453125 0.621875 0.071875 0.11875
8 0.82890625 0.62265625 0.065625 0.1140625
8 0.76640625 0.6140625 0.0609375 0.1125
8 0.70703125 0.625 0.0609375 0.1125
6 0.646875 0.62890625 0.0546875 0.10625
5 0.5875 0.6265625 0.05625 0.1109375
4 0.53046875 0.6328125 0.0578125 0.10625
2 0.4703125 0.63671875 0.053125 0.1078125
1 0.4125 0.63125 0.053125 0.10625
0 0.35390625 0.6375 0.0515625 0.0984375
34 0.2953125 0.6375 0.046875 0.0984375
34 0.2375 0.6453125 0.0484375 0.1078125
35 0.17890625 0.64921875 0.0453125 0.09375
35 0.11875 0.64765625 0.04375 0.1
35 0.06171875 0.64921875 0.0421875 0.09375