8 0.8984375 0.48671875 0.1171875 0.165625
8 0.8078125 0.50625 0.1171875 0.16875
8 0.71796875 0.52578125 0.1203125 0.1671875
8 0.62578125 0.54609375 0.1203125 0.16875
7 0.53515625 0.56640625 0.125 0.175
6 0.44453125 0.58515625 0.1234375 0.171875
5 0.3515625 0.60625 0.125 0.175
4 0.2578125 0.6265625 0.125 0.175
3 0.1640625 0.646875 0.128125 0.175
5 0.6796875 0.36875 0.11875 0.16875
4 0.5890625 0.3890625 0.1234375 0.16875
3 0.49765625 0.4078125 0.1203125 0.16875
1 0.4078125 0.42578125 0.1203125 0.1703125
1 0.315625 0.4453125 0.1265625 0.171875