25 0.89375 0.75078125 0.078125 0.11875
24 0.82578125 0.7390625 0.084375 0.1203125
23 0.7578125 0.71640625 0.08125 0.121875
34 0.68828125 0.70546875 0.0828125 0.1234375
34 0.61953125 0.69609375 0.084375 0.1203125
34 0.553125 0.68359375 0.084375 0.11875
26 0.4875 0.6671875 0.0828125 0.11875
25 0.42265625 0.65625 0.0828125 0.11875
24 0.35703125 0.64140625 0.0828125 0.121875
21 0.290625 0.62890625 0.0859375 0.1203125
21 0.2265625 0.61484375 0.08125 0.115625
20 0.1609375 0.603125 0.084375 0.1171875
19 0.0953125 0.58984375 0.084375 0.1203125
18 0.034375 0.5765625 0.06875 0.11875