14 0.09765625 0.5796875 0.04375 0.0796875
11 0.14140625 0.5671875 0.04375 0.084375
9 0.18671875 0.5546875 0.046875 0.0796875
16 0.234375 0.540625 0.05 0.0890625
9 0.2875 0.53125 0.053125 0.0828125
12 0.34140625 0.51484375 0.0578125 0.09375
12 0.39765625 0.5015625 0.0625 0.0890625
11 0.45546875 0.48125 0.059375 0.096875
15 0.515625 0.465625 0.0671875 0.103125
15 0.584375 0.45 0.0703125 0.1015625
10 0.65078125 0.43125 0.0734375 0.10625
14 0.7203125 0.40703125 0.0796875 0.1046875
14 0.79921875 0.38984375 0.078125 0.1078125
15 0.8796875 0.3671875 0.078125 0.1125