24 0.89921875 0.42734375 0.084375 0.0953125
24 0.83203125 0.440625 0.0765625 0.0921875
24 0.765625 0.45546875 0.0765625 0.09375
10 0.7046875 0.46796875 0.0734375 0.1
10 0.64296875 0.48046875 0.078125 0.0984375
10 0.57734375 0.4921875 0.0734375 0.0984375
14 0.51328125 0.50234375 0.071875 0.09375
14 0.44765625 0.51328125 0.0734375 0.096875
14 0.38203125 0.52734375 0.0703125 0.0984375
14 0.3171875 0.534375 0.06875 0.0953125
12 0.25078125 0.54609375 0.0671875 0.0921875
12 0.18515625 0.55625 0.0703125 0.09375
12 0.1171875 0.56875 0.071875 0.0953125
9 0.62734375 0.35625 0.075 0.0921875
9 0.565625 0.3671875 0.0734375 0.09375