36 0.86796875 0.521875 0.059375 0.0984375
36 0.82421875 0.5328125 0.05625 0.103125
34 0.7828125 0.54453125 0.0625 0.1078125
34 0.7375 0.55546875 0.059375 0.10625
34 0.6921875 0.5625 0.059375 0.10625
7 0.646875 0.56875 0.059375 0.1
7 0.6 0.57265625 0.05625 0.0953125
7 0.5546875 0.584375 0.059375 0.1046875
1 0.509375 0.59453125 0.0515625 0.0984375
1 0.4640625 0.59921875 0.05 0.1
1 0.4203125 0.60390625 0.053125 0.0984375
0 0.375 0.61640625 0.0578125 0.0953125
0 0.32890625 0.6265625 0.059375 0.0984375
0 0.28359375 0.63515625 0.0578125 0.1046875
0 0.2390625 0.640625 0.05625 0.09375
39 0.1921875 0.65234375 0.0640625 0.10625
38 0.1484375 0.6625 0.05625 0.103125