3 0.90234375 0.51328125 0.05078125 0.05859375
5 0.84375 0.515625 0.0546875 0.065625
13 0.7765625 0.51484375 0.04375 0.07421875
11 0.7125 0.51484375 0.0453125 0.071875
33 0.64921875 0.51484375 0.03984375 0.06484375
36 0.57890625 0.5109375 0.04296875 0.0671875
35 0.5109375 0.51171875 0.04375 0.0671875
31 0.4421875 0.51015625 0.04765625 0.06875
35 0.3734375 0.5109375 0.05625 0.071875
33 0.3015625 0.50859375 0.05390625 0.06796875
37 0.23046875 0.5109375 0.06171875 0.07890625
37 0.159375 0.5109375 0.0625 0.075
32 0.08984375 0.5109375 0.04921875 0.06328125