31 0.9 0.53125 0.0703125 0.1078125
31 0.8390625 0.5234375 0.06875 0.1109375
31 0.77578125 0.51640625 0.0703125 0.109375
33 0.7125 0.5078125 0.0734375 0.1078125
33 0.6484375 0.5015625 0.0734375 0.1109375
33 0.5859375 0.49296875 0.06875 0.109375
35 0.521875 0.4828125 0.0703125 0.109375
35 0.45703125 0.47578125 0.071875 0.1125
35 0.39296875 0.4671875 0.0703125 0.109375
8 0.328125 0.46015625 0.071875 0.1125
8 0.2625 0.44921875 0.071875 0.1125
0 0.1953125 0.44375 0.071875 0.109375
0 0.13046875 0.43515625 0.071875 0.1109375
0 0.0625 0.4265625 0.071875 0.1140625