28 0.94453125 0.54140625 0.0796875 0.1078125
8 0.88515625 0.5578125 0.078125 0.1125
7 0.82578125 0.56796875 0.075 0.109375
6 0.765625 0.5796875 0.0765625 0.109375
8 0.70546875 0.5921875 0.075 0.109375
7 0.64609375 0.6015625 0.0765625 0.1078125
6 0.58828125 0.61640625 0.0703125 0.1015625
4 0.52734375 0.6296875 0.0703125 0.10625
3 0.471875 0.6421875 0.075 0.1125
2 0.41171875 0.65703125 0.06875 0.1046875
32 0.35390625 0.66796875 0.0734375 0.1046875
32 0.29609375 0.68125 0.0734375 0.10625
32 0.2375 0.69765625 0.0703125 0.1046875
1 0.17734375 0.709375 0.06875 0.1015625
1 0.1203125 0.72109375 0.06875 0.096875