6 0.825 0.584375 0.071875 0.1328125
5 0.7453125 0.5828125 0.075 0.13515625
4 0.66328125 0.5828125 0.075 0.1328125
6 0.5828125 0.5828125 0.07578125 0.13515625
5 0.503125 0.58203125 0.0765625 0.13359375
4 0.42265625 0.58203125 0.07578125 0.13515625
7 0.34140625 0.5828125 0.0796875 0.134375
6 0.25703125 0.58203125 0.08125 0.13671875
5 0.17421875 0.58203125 0.0796875 0.13828125
7 0.66328125 0.44453125 0.07578125 0.13125
7 0.5828125 0.44296875 0.07421875 0.1265625
2 0.503125 0.44296875 0.07421875 0.1296875
2 0.425 0.44296875 0.078125 0.13125
2 0.34453125 0.44375 0.078125 0.1296875