39 0.121875 0.5640625 0.046875 0.059375
38 0.0734375 0.56328125 0.053125 0.0625
29 0.165625 0.5609375 0.0421875 0.0625
34 0.7390625 0.52890625 0.046875 0.0625
34 0.68046875 0.53203125 0.0484375 0.0671875
25 0.6265625 0.53515625 0.0484375 0.065625
25 0.57265625 0.5390625 0.0484375 0.06875
25 0.5171875 0.5421875 0.0453125 0.0703125
0 0.46640625 0.5453125 0.0484375 0.0671875
0 0.41484375 0.5453125 0.0484375 0.06875
0 0.3625 0.55 0.0484375 0.065625
11 0.21171875 0.559375 0.0453125 0.0609375
11 0.2625 0.5546875 0.0421875 0.0671875
11 0.3109375 0.55390625 0.0453125 0.065625
9 0.7984375 0.52421875 0.0546875 0.06875
9 0.859375 0.521875 0.059375 0.065625
9 0.921875 0.52109375 0.0546875 0.0640625