7 0.9546875 0.509375 0.059375 0.10625
7 0.890625 0.509375 0.059375 0.10625
6 0.828125 0.509375 0.059375 0.1125
5 0.7640625 0.5078125 0.059375 0.109375
4 0.7 0.50625 0.059375 0.109375
3 0.6359375 0.50625 0.059375 0.109375
3 0.57109375 0.50625 0.0609375 0.1125
1 0.440625 0.50390625 0.059375 0.1109375
2 0.50625 0.50546875 0.059375 0.1109375
2 0.375 0.503125 0.0625 0.109375
2 0.31015625 0.50234375 0.0609375 0.1109375
2 0.24609375 0.5015625 0.0609375 0.109375
0 0.17890625 0.5015625 0.0640625 0.109375
0 0.11328125 0.50078125 0.0640625 0.1046875
0 0.04921875 0.496875 0.0546875 0.1125