8 0.89765625 0.52421875 0.065625 0.1078125
8 0.8359375 0.51796875 0.065625 0.109375
8 0.771875 0.5125 0.06875 0.1078125
5 0.709375 0.50703125 0.06875 0.1109375
5 0.64609375 0.50234375 0.06875 0.1109375
5 0.584375 0.49609375 0.0671875 0.1109375
6 0.5203125 0.4890625 0.06875 0.1078125
5 0.45859375 0.4859375 0.06875 0.109375
4 0.39765625 0.478125 0.0703125 0.1109375
3 0.33515625 0.4734375 0.0703125 0.109375
2 0.271875 0.46640625 0.0703125 0.10625
1 0.2078125 0.4640625 0.0703125 0.10625
0 0.14609375 0.45859375 0.0640625 0.1078125
0 0.08203125 0.45078125 0.0625 0.1078125