21 0.22578125 0.48984375 0.0578125 0.0765625
22 0.16328125 0.48359375 0.0546875 0.075
23 0.10078125 0.4796875 0.053125 0.0828125
32 0.93046875 0.5296875 0.0640625 0.075
32 0.8640625 0.525 0.0640625 0.071875
32 0.80078125 0.5203125 0.059375 0.0796875
37 0.73515625 0.51953125 0.06875 0.090625
37 0.671875 0.51171875 0.065625 0.0875
36 0.6078125 0.5078125 0.0671875 0.0796875
36 0.54453125 0.509375 0.0546875 0.0734375
36 0.48203125 0.50390625 0.059375 0.08125
31 0.41640625 0.5015625 0.05625 0.08125
31 0.35078125 0.49765625 0.059375 0.0875
31 0.29140625 0.49375 0.0640625 0.0953125