30 0.8875 0.81328125 0.06875 0.0984375
29 0.834375 0.803125 0.06875 0.096875
40 0.78125 0.790625 0.06875 0.0984375
7 0.7265625 0.77578125 0.06875 0.0984375
7 0.6734375 0.765625 0.0671875 0.0984375
7 0.62109375 0.75234375 0.06875 0.096875
5 0.56875 0.74140625 0.0671875 0.0953125
5 0.5171875 0.73046875 0.065625 0.0953125
5 0.465625 0.71875 0.06875 0.0953125
5 0.41484375 0.70625 0.0671875 0.096875
8 0.3640625 0.69296875 0.0671875 0.0953125
8 0.31171875 0.68203125 0.06875 0.0953125
33 0.26171875 0.67109375 0.06875 0.0984375
33 0.21015625 0.6609375 0.0671875 0.0984375
33 0.159375 0.65078125 0.0671875 0.0953125
37 0.11015625 0.63671875 0.0671875 0.09375
37 0.059375 0.628125 0.0671875 0.0953125
37 0.01796875 0.61640625 0.0359375 0.0921875