21 0.8828125 0.51640625 0.05 0.071875
21 0.82578125 0.52421875 0.0453125 0.06875
21 0.76328125 0.53515625 0.046875 0.06875
18 0.7 0.54140625 0.0546875 0.0765625
18 0.63984375 0.546875 0.0546875 0.078125
22 0.57890625 0.5546875 0.0546875 0.0765625
22 0.5171875 0.56171875 0.0515625 0.075
20 0.453125 0.56953125 0.0609375 0.0859375
25 0.32578125 0.59453125 0.059375 0.09375
24 0.3921875 0.57734375 0.0578125 0.084375
24 0.25703125 0.5984375 0.0578125 0.090625
24 0.190625 0.61015625 0.0546875 0.09375
24 0.128125 0.61640625 0.0578125 0.0953125