39 0.1171875 0.47734375 0.0515625 0.0625
38 0.0703125 0.465625 0.0578125 0.0671875
29 0.1609375 0.484375 0.046875 0.0640625
34 0.7265625 0.58203125 0.0515625 0.065625
34 0.66875 0.571875 0.053125 0.0703125
25 0.61484375 0.5625 0.053125 0.06875
25 0.56171875 0.55390625 0.053125 0.071875
25 0.50703125 0.54453125 0.05 0.071875
0 0.45703125 0.53671875 0.053125 0.0703125
0 0.40703125 0.525 0.053125 0.071875
0 0.3546875 0.51796875 0.053125 0.06875
11 0.20625 0.49296875 0.05 0.0640625
11 0.25625 0.5 0.046875 0.06875
11 0.30390625 0.51015625 0.05 0.0671875
9 0.78515625 0.59140625 0.059375 0.071875
9 0.8453125 0.60234375 0.0640625 0.0703125
9 0.90625 0.615625 0.059375 0.06875