3 0.3609375 0.50546875 0.0484375 0.0640625
3 0.303125 0.51484375 0.05 0.0640625
3 0.240625 0.52265625 0.05 0.0640625
13 0.18046875 0.53359375 0.05625 0.065625
13 0.11953125 0.53984375 0.059375 0.0703125
23 0.88125 0.34453125 0.0625 0.0671875
23 0.82421875 0.353125 0.059375 0.0625
23 0.76953125 0.36171875 0.0578125 0.0640625
22 0.7125 0.3671875 0.05625 0.0625
22 0.65625 0.37734375 0.0578125 0.0640625
22 0.6 0.3828125 0.0546875 0.059375
26 0.54609375 0.3921875 0.0578125 0.0640625
26 0.48984375 0.39765625 0.0515625 0.0609375
26 0.43671875 0.40625 0.053125 0.0609375
41 0.3828125 0.4125 0.0578125 0.065625
39 0.328125 0.41953125 0.053125 0.0625
38 0.27265625 0.42578125 0.05625 0.059375
30 0.21796875 0.4359375 0.0640625 0.0671875