13 0.790625 0.5265625 0.1109375 0.1578125
13 0.70859375 0.54453125 0.109375 0.159375
12 0.62421875 0.56328125 0.1078125 0.1578125
11 0.5421875 0.58046875 0.1109375 0.1578125
11 0.375 0.61796875 0.115625 0.1609375
11 0.67421875 0.403125 0.109375 0.15625
11 0.42890625 0.4546875 0.1109375 0.1546875
10 0.459375 0.59921875 0.1109375 0.1609375
10 0.2890625 0.6359375 0.115625 0.159375
10 0.59296875 0.41875 0.1078125 0.153125
10 0.34453125 0.47265625 0.1140625 0.159375
9 0.203125 0.6546875 0.1140625 0.159375
9 0.5109375 0.43671875 0.10625 0.153125
9 0.26015625 0.48984375 0.109375 0.15625