16 0.84609375 0.596875 0.0796875 0.1421875
16 0.76328125 0.59765625 0.08125 0.1453125
16 0.68125 0.6 0.084375 0.1421875
13 0.596875 0.59921875 0.084375 0.1421875
14 0.5140625 0.6 0.0828125 0.1421875
14 0.4296875 0.6015625 0.084375 0.1453125
14 0.34453125 0.60234375 0.0875 0.1453125
13 0.25859375 0.60546875 0.0875 0.1453125
12 0.17265625 0.6046875 0.0875 0.14375
10 0.67578125 0.45390625 0.08125 0.1390625
10 0.59296875 0.45546875 0.0828125 0.1390625
11 0.51015625 0.45625 0.0828125 0.1390625
10 0.428125 0.4578125 0.084375 0.1390625
9 0.3453125 0.45625 0.0828125 0.140625