41 0.125 0.4046875 0.0578125 0.0765625
29 0.06875 0.39375 0.05 0.071875
36 0.91953125 0.5390625 0.059375 0.0640625
36 0.85703125 0.5296875 0.065625 0.075
22 0.79609375 0.51953125 0.0625 0.065625
22 0.73671875 0.5109375 0.059375 0.0703125
16 0.678125 0.4984375 0.065625 0.06875
16 0.615625 0.4875 0.0578125 0.06875
6 0.55859375 0.4765625 0.0578125 0.065625
6 0.50234375 0.46875 0.0546875 0.06875
4 0.44765625 0.46171875 0.0546875 0.0703125
4 0.39453125 0.45078125 0.059375 0.065625
21 0.33671875 0.440625 0.053125 0.0609375
21 0.2828125 0.4296875 0.053125 0.0625
3 0.22890625 0.42265625 0.05 0.065625
3 0.175 0.4109375 0.0546875 0.065625