28 0.871875 0.6984375 0.065625 0.0859375
0 0.196875 0.59375 0.0546875 0.08125
6 0.70390625 0.66640625 0.0546875 0.0796875
7 0.64765625 0.6578125 0.0625 0.084375
8 0.58828125 0.653125 0.059375 0.084375
5 0.4234375 0.62734375 0.0640625 0.0890625
3 0.53359375 0.64140625 0.0546875 0.0828125
3 0.30859375 0.6125 0.0515625 0.084375
4 0.475 0.63359375 0.0546875 0.0828125
4 0.253125 0.60625 0.0578125 0.0859375
1 0.13828125 0.5921875 0.0546875 0.0875
3 0.8125 0.6859375 0.0625 0.090625
3 0.7546875 0.678125 0.0609375 0.084375
2 0.36484375 0.61796875 0.0578125 0.090625
2 0.08203125 0.58515625 0.059375 0.090625