32 0.7484375 0.40390625 0.0640625 0.075
32 0.68984375 0.41875 0.0625 0.075
32 0.63046875 0.43046875 0.0640625 0.071875
4 0.8703125 0.3796875 0.06875 0.078125
4 0.8078125 0.39453125 0.06875 0.0765625
6 0.578125 0.4453125 0.0609375 0.071875
6 0.52265625 0.45625 0.0609375 0.071875
6 0.47109375 0.47109375 0.059375 0.071875
6 0.41796875 0.48203125 0.0578125 0.071875
16 0.36796875 0.49140625 0.0546875 0.065625
16 0.3171875 0.503125 0.05625 0.06875
16 0.26875 0.5140625 0.0515625 0.0703125
25 0.2234375 0.52421875 0.053125 0.0671875
25 0.17421875 0.534375 0.059375 0.071875
25 0.1296875 0.54609375 0.0609375 0.071875
29 0.08125 0.55625 0.05 0.06875