34 0.890625 0.52421875 0.065625 0.1046875
34 0.82890625 0.51875 0.06875 0.10625
35 0.76875 0.509375 0.0671875 0.1078125
35 0.70546875 0.5046875 0.0703125 0.109375
33 0.64296875 0.496875 0.0703125 0.109375
33 0.58203125 0.490625 0.06875 0.109375
32 0.51953125 0.48359375 0.0703125 0.109375
32 0.4578125 0.475 0.06875 0.1078125
26 0.39453125 0.46953125 0.0734375 0.1109375
26 0.33046875 0.46171875 0.075 0.115625
24 0.265625 0.45390625 0.0734375 0.1140625
24 0.2015625 0.446875 0.075 0.109375
23 0.13671875 0.4375 0.06875 0.1109375
23 0.0703125 0.43125 0.0703125 0.1140625