12 0.09140625 0.4140625 0.059375 0.0796875
13 0.15625 0.42578125 0.059375 0.078125
14 0.21328125 0.4484375 0.05625 0.0796875
12 0.27578125 0.46015625 0.0546875 0.078125
13 0.334375 0.47421875 0.0578125 0.08125
14 0.39296875 0.4859375 0.0578125 0.08125
14 0.4484375 0.4953125 0.05 0.078125
16 0.5046875 0.50703125 0.0546875 0.08125
15 0.559375 0.515625 0.059375 0.078125
15 0.6109375 0.52421875 0.0515625 0.075
16 0.66328125 0.534375 0.05625 0.0765625
17 0.715625 0.54453125 0.059375 0.078125
10 0.76796875 0.5546875 0.059375 0.078125
10 0.81875 0.57109375 0.059375 0.078125