36 0.43046875 0.615625 0.0484375 0.0640625
36 0.365625 0.60546875 0.0484375 0.0625
21 0.3015625 0.6 0.053125 0.0703125
21 0.23515625 0.59296875 0.05 0.065625
21 0.17265625 0.5859375 0.05 0.06875
13 0.84375 0.55703125 0.0640625 0.0703125
13 0.78515625 0.5484375 0.0578125 0.0703125
13 0.725 0.5421875 0.059375 0.071875
6 0.6671875 0.53515625 0.059375 0.0703125
6 0.6078125 0.528125 0.0546875 0.06875
6 0.55078125 0.5203125 0.0546875 0.0734375
0 0.49296875 0.51640625 0.05 0.0640625
0 0.43828125 0.50859375 0.0515625 0.065625
0 0.378125 0.50078125 0.053125 0.0671875
41 0.32109375 0.4953125 0.059375 0.0703125