28 0.08203125 0.48671875 0.10625 0.128125
30 0.165625 0.48046875 0.0984375 0.1296875
26 0.65234375 0.42734375 0.0890625 0.1171875
26 0.5734375 0.43671875 0.0890625 0.115625
26 0.4890625 0.44296875 0.0828125 0.109375
34 0.58828125 0.6125 0.08125 0.1234375
34 0.5015625 0.625 0.0875 0.125
6 0.41328125 0.63203125 0.084375 0.1296875
6 0.31953125 0.64375 0.0875 0.1296875
6 0.22890625 0.65078125 0.0875 0.13125
4 0.89140625 0.40546875 0.0890625 0.1171875
4 0.81015625 0.4140625 0.0890625 0.1203125
4 0.7296875 0.421875 0.0875 0.1125
1 0.40703125 0.45546875 0.0671875 0.1140625
1 0.32578125 0.46328125 0.0734375 0.11875
1 0.2453125 0.46875 0.075 0.1203125