27 0.05234375 0.60859375 0.0578125 0.0875
24 0.115625 0.6109375 0.046875 0.0890625
24 0.1765625 0.609375 0.046875 0.090625
24 0.23828125 0.61015625 0.0484375 0.0875
41 0.29609375 0.61171875 0.0515625 0.0828125
32 0.3578125 0.61171875 0.04375 0.075
32 0.41796875 0.60625 0.046875 0.0734375
32 0.471875 0.60703125 0.0421875 0.0703125
21 0.53046875 0.60625 0.046875 0.075
21 0.58828125 0.6109375 0.046875 0.06875
21 0.64296875 0.615625 0.0421875 0.075
22 0.70390625 0.6234375 0.0515625 0.0796875
22 0.76015625 0.621875 0.0453125 0.071875
34 0.81015625 0.61953125 0.0453125 0.078125
34 0.8734375 0.62890625 0.0453125 0.0703125