39 0.06953125 0.5875 0.0609375 0.103125
1 0.1328125 0.59140625 0.0609375 0.0953125
1 0.19296875 0.59765625 0.0625 0.0984375
1 0.25234375 0.60078125 0.059375 0.096875
2 0.31171875 0.60703125 0.0625 0.1
4 0.3703125 0.61484375 0.0578125 0.0953125
3 0.428125 0.6234375 0.0609375 0.0953125
8 0.484375 0.62734375 0.0609375 0.096875
7 0.54296875 0.63203125 0.0640625 0.0984375
6 0.6 0.63828125 0.0625 0.0953125
7 0.65703125 0.64375 0.0625 0.09375
6 0.71328125 0.65 0.0640625 0.0953125
5 0.771875 0.65703125 0.0609375 0.09375
0 0.828125 0.6609375 0.05625 0.0890625
0 0.88671875 0.66796875 0.0625 0.0953125