31 0.9765625 0.5953125 0.046875 0.096875
31 0.93046875 0.60859375 0.0640625 0.096875
15 0.875 0.61953125 0.0703125 0.1
14 0.81953125 0.63046875 0.065625 0.0953125
13 0.765625 0.64140625 0.0625 0.0953125
12 0.7125 0.653125 0.065625 0.0953125
11 0.659375 0.6625 0.0671875 0.0984375
10 0.60625 0.67734375 0.0671875 0.0984375
17 0.5546875 0.68828125 0.0671875 0.0984375
16 0.5015625 0.69765625 0.0671875 0.1
15 0.45 0.71015625 0.06875 0.096875
14 0.3984375 0.72109375 0.0671875 0.0984375
13 0.34765625 0.73359375 0.065625 0.0953125
12 0.296875 0.74609375 0.06875 0.0984375
41 0.24453125 0.7578125 0.06875 0.0984375
40 0.19296875 0.76796875 0.0671875 0.0984375
39 0.14296875 0.78125 0.0671875 0.096875
38 0.0921875 0.790625 0.0609375 0.09375