28 0.88203125 0.678125 0.0609375 0.084375
0 0.20234375 0.609375 0.05 0.0796875
6 0.7125 0.65546875 0.05 0.078125
7 0.65546875 0.65 0.0578125 0.0828125
8 0.59609375 0.64765625 0.0546875 0.0828125
5 0.43046875 0.63125 0.059375 0.0875
3 0.54140625 0.6390625 0.05 0.08125
3 0.3140625 0.62265625 0.046875 0.0828125
4 0.48203125 0.63515625 0.05 0.08125
4 0.259375 0.61953125 0.053125 0.084375
1 0.14375 0.6109375 0.0515625 0.0859375
3 0.821875 0.66953125 0.059375 0.0890625
3 0.7640625 0.6640625 0.05625 0.0828125
2 0.37109375 0.625 0.0546875 0.0890625
2 0.08671875 0.60625 0.0546875 0.0875