20 0.96015625 0.50625 0.0765625 0.1203125
37 0.89921875 0.51796875 0.0765625 0.1234375
37 0.83515625 0.53125 0.078125 0.1234375
31 0.77109375 0.54296875 0.0828125 0.128125
16 0.70390625 0.55546875 0.0828125 0.1265625
15 0.63828125 0.565625 0.08125 0.125
14 0.571875 0.57890625 0.0828125 0.125
13 0.50546875 0.590625 0.0828125 0.128125
12 0.4390625 0.603125 0.0890625 0.128125
12 0.303125 0.628125 0.0875 0.128125
11 0.371875 0.615625 0.08125 0.1265625
11 0.23359375 0.640625 0.0875 0.128125
10 0.16640625 0.65390625 0.0875 0.128125
30 0.0984375 0.6640625 0.084375 0.1265625