36 0.934375 0.4109375 0.0703125 0.096875
36 0.88359375 0.4234375 0.065625 0.096875
31 0.8328125 0.43671875 0.0703125 0.0953125
31 0.7796875 0.446875 0.0671875 0.09375
31 0.72890625 0.45859375 0.0671875 0.09375
16 0.67734375 0.471875 0.0703125 0.096875
16 0.62421875 0.48046875 0.0703125 0.096875
16 0.57265625 0.49453125 0.071875 0.1
9 0.52109375 0.5078125 0.06875 0.096875
9 0.46875 0.5203125 0.0703125 0.1
9 0.415625 0.53046875 0.071875 0.1
10 0.3625 0.54375 0.071875 0.0984375
10 0.309375 0.55625 0.071875 0.0984375
10 0.2546875 0.56875 0.071875 0.0953125
40 0.1984375 0.58359375 0.0703125 0.09375
29 0.1421875 0.59453125 0.0734375 0.0984375
27 0.0890625 0.60625 0.065625 0.0984375