37 0.890625 0.703125 0.0703125 0.1078125
8 0.8265625 0.69453125 0.071875 0.109375
8 0.765625 0.68515625 0.071875 0.1078125
0 0.696875 0.6765625 0.075 0.1171875
26 0.63359375 0.66484375 0.075 0.1109375
18 0.56484375 0.653125 0.0765625 0.1078125
33 0.49296875 0.64609375 0.0734375 0.1125
36 0.425 0.63203125 0.0734375 0.10625
35 0.353125 0.62265625 0.0734375 0.1109375
31 0.27890625 0.61640625 0.0734375 0.1140625
32 0.209375 0.60625 0.0765625 0.115625
9 0.1328125 0.5921875 0.078125 0.1125
9 0.05625 0.58125 0.0765625 0.1109375