17 0.9015625 0.55078125 0.071875 0.11875
17 0.84296875 0.5484375 0.0671875 0.1125
9 0.77890625 0.54296875 0.0671875 0.1046875
9 0.71640625 0.54296875 0.0671875 0.1078125
9 0.65625 0.5375 0.0671875 0.1140625
15 0.5953125 0.5296875 0.06875 0.125
14 0.528125 0.5265625 0.0703125 0.1265625
13 0.465625 0.52265625 0.071875 0.1234375
11 0.39921875 0.521875 0.0703125 0.1234375
10 0.33203125 0.515625 0.0734375 0.1234375
9 0.265625 0.51484375 0.0734375 0.1171875
17 0.19921875 0.50703125 0.075 0.121875
16 0.1296875 0.50234375 0.0765625 0.128125
15 0.06015625 0.496875 0.075 0.134375