20 0.9078125 0.6140625 0.0734375 0.0953125
20 0.84140625 0.60546875 0.0703125 0.090625
23 0.77578125 0.59921875 0.0671875 0.1
23 0.71171875 0.59140625 0.0703125 0.1046875
23 0.64609375 0.584375 0.0765625 0.109375
37 0.57890625 0.57421875 0.075 0.1109375
37 0.51171875 0.5671875 0.0703125 0.1046875
37 0.44453125 0.5625 0.075 0.1109375
32 0.37890625 0.54765625 0.06875 0.0921875
32 0.31015625 0.54375 0.0640625 0.0953125
32 0.2421875 0.53359375 0.0703125 0.1015625
36 0.17578125 0.52421875 0.0625 0.090625
36 0.10625 0.51640625 0.059375 0.0984375
36 0.0359375 0.50859375 0.0609375 0.1