41 0.953125 0.5375 0.0609375 0.1484375
5 0.8875 0.53828125 0.0578125 0.15
4 0.82421875 0.5421875 0.0609375 0.15
3 0.7609375 0.540625 0.059375 0.146875
8 0.69765625 0.5453125 0.0625 0.1515625
7 0.634375 0.546875 0.0609375 0.15625
6 0.571875 0.55 0.0609375 0.153125
7 0.509375 0.5515625 0.0625 0.1515625
6 0.4453125 0.55234375 0.0578125 0.146875
5 0.38515625 0.553125 0.059375 0.15
4 0.3234375 0.5546875 0.05625 0.146875
4 0.26015625 0.55625 0.053125 0.1484375
34 0.19921875 0.55390625 0.05 0.140625
34 0.13828125 0.56328125 0.053125 0.1421875
34 0.07578125 0.559375 0.053125 0.1484375