35 0.903125 0.56328125 0.0640625 0.1
35 0.834375 0.55703125 0.0625 0.0984375
35 0.76640625 0.55078125 0.0640625 0.1
1 0.56953125 0.53671875 0.0578125 0.0984375
1 0.5046875 0.53203125 0.0578125 0.1
1 0.4421875 0.52578125 0.0609375 0.1015625
22 0.6984375 0.54375 0.059375 0.084375
22 0.63125 0.54375 0.0625 0.09375
20 0.3765625 0.5203125 0.0546875 0.09375
20 0.31328125 0.51796875 0.05625 0.0953125
20 0.25078125 0.5125 0.05 0.090625
4 0.18828125 0.50859375 0.05625 0.09375
4 0.1234375 0.503125 0.05625 0.103125
4 0.0640625 0.5 0.05625 0.1