36 0.440625 0.62109375 0.04453125 0.06171875
36 0.375 0.6171875 0.04296875 0.059375
21 0.3109375 0.6171875 0.0484375 0.06640625
21 0.24453125 0.615625 0.0453125 0.0625
21 0.18125 0.6140625 0.0453125 0.06640625
13 0.84765625 0.5265625 0.05859375 0.0671875
13 0.78828125 0.5234375 0.05234375 0.0671875
13 0.728125 0.52265625 0.05390625 0.06640625
6 0.66953125 0.5203125 0.053125 0.065625
6 0.61015625 0.51875 0.0484375 0.06484375
6 0.55234375 0.515625 0.04765625 0.06953125
0 0.49453125 0.5171875 0.0453125 0.0609375
0 0.4390625 0.5140625 0.0453125 0.06171875
0 0.37890625 0.51171875 0.04765625 0.0625
41 0.32109375 0.5109375 0.053125 0.0671875