26 0.87734375 0.66875 0.071875 0.1109375
25 0.815625 0.659375 0.071875 0.1109375
24 0.7546875 0.65 0.075 0.109375
26 0.6921875 0.64296875 0.075 0.1140625
25 0.63125 0.6328125 0.075 0.1171875
24 0.56953125 0.62265625 0.075 0.1125
22 0.50859375 0.6125 0.075 0.1125
22 0.44609375 0.6046875 0.0765625 0.115625
21 0.38359375 0.5953125 0.078125 0.1140625
20 0.32109375 0.58671875 0.078125 0.1140625
19 0.2578125 0.57734375 0.0796875 0.1140625
18 0.19296875 0.56796875 0.08125 0.11875
18 0.1296875 0.55703125 0.0796875 0.1125
18 0.065625 0.54765625 0.071875 0.115625