17 0.7875 0.6265625 0.0953125 0.1453125
16 0.70859375 0.61640625 0.0953125 0.14375
15 0.62734375 0.60546875 0.0953125 0.146875
15 0.546875 0.59296875 0.0953125 0.146875
14 0.4671875 0.584375 0.0953125 0.1484375
13 0.38671875 0.57421875 0.0953125 0.146875
14 0.30390625 0.56328125 0.096875 0.15
13 0.221875 0.5546875 0.09375 0.146875
12 0.13828125 0.54375 0.0953125 0.146875
11 0.64296875 0.46640625 0.096875 0.1453125
11 0.56328125 0.45625 0.09375 0.14375
11 0.484375 0.4453125 0.090625 0.14375
9 0.40546875 0.43515625 0.096875 0.146875
9 0.32578125 0.425 0.0953125 0.146875