7 0.71171875 0.56796875 0.08515625 0.1484375
7 0.6234375 0.56875 0.084375 0.14921875
7 0.534375 0.56953125 0.0875 0.15078125
6 0.446875 0.56875 0.08828125 0.15078125
6 0.35625 0.57109375 0.08984375 0.15078125
6 0.26484375 0.57109375 0.0890625 0.15078125
2 0.79765625 0.41640625 0.08125 0.1453125
2 0.709375 0.41484375 0.08359375 0.14765625
2 0.62265625 0.41640625 0.08515625 0.14765625
2 0.5328125 0.41640625 0.084375 0.1453125
1 0.44609375 0.41640625 0.0859375 0.1484375
0 0.35625 0.4140625 0.0859375 0.14453125
0 0.265625 0.415625 0.08671875 0.14921875
0 0.175 0.41484375 0.0859375 0.14921875