35 0.893845196875 0.448912165625 0.9444419265624999 0.4362649390625 0.9439841328125 0.4339097953125 0.8975140328125001 0.3741920703125 0.8445039062499999 0.38517596875 0.8893027921875 0.4497951203125 0.893845196875 0.448912165625
35 0.8277373921875 0.4601704765625 0.8833188265624999 0.449366540625 0.8821963875 0.4435920890625 0.84306126875 0.3847061015625 0.7897240203125 0.39572962968750003 0.8277373921875 0.4601704765625
4 0.7744085375 0.475311790625 0.8252283421875 0.46169196250000005 0.8241531656250001 0.456160653125 0.78792988125 0.39660928125 0.73329081875 0.409143590625 0.77035143125 0.4761004125 0.7744085375 0.475311790625
4 0.71619615 0.48662713281250003 0.7656024953125 0.4743074421875 0.7643413171875 0.4678192484375 0.7322607984375 0.4072193109375 0.6794666046875 0.4193950109375 0.7108031296874999 0.4876754296875 0.71619615 0.48662713281250003
4 0.651863965625 0.5007237875 0.6864778734375 0.493995525 0.7095367593749999 0.488860478125 0.7089052453125 0.48561162031249994 0.6790250796875 0.42109875937499996 0.622507328125 0.43419610000000003 0.622708228125 0.43522963593749997 0.651863965625 0.5007237875
6 0.5994210390625 0.506142425 0.644002678125 0.49564717968750005 0.641661934375 0.4836051 0.6175156125 0.42702123125 0.562994896875 0.4401643953125 0.5855838328125 0.5088321046875001 0.5994210390625 0.506142425
6 0.5227616703125 0.5114930281250001 0.5827385984375 0.49983469375 0.5823647656250001 0.49791148906249993 0.5594171078125 0.4319198703125 0.504992703125 0.44313076406249996 0.5227616703125 0.5114930281250001
6 0.4655084890625 0.527397153125 0.5222813171875 0.5163616328125 0.5193884734374999 0.5014792421875 0.5044251296875 0.4470979578125 0.4500007234375 0.45830885468749993 0.4655084890625 0.527397153125
34 0.40249313593749997 0.5412378421875 0.46276155 0.5295228484375001 0.4547780453125 0.48845127968749996 0.44856908593749995 0.459873490625 0.3906031234375 0.4709223265625 0.40249313593749997 0.5412378421875
34 0.3993169828125 0.5388703515625 0.3862873359375 0.4718386296875 0.3303077125 0.48250885 0.33933783125 0.5519222453125 0.3995381640625 0.5402204859374999 0.3993169828125 0.5388703515625
34 0.330448159375 0.48755721406249997 0.3298530234375 0.48449550312499995 0.27186232499999996 0.49586314375 0.2770544515625 0.5716953515625 0.33802271250000004 0.5589938546875 0.330448159375 0.48755721406249997
33 0.270430978125 0.5063482765625 0.2676008296875 0.49178842500000003 0.211358853125 0.5025698515625 0.21187355624999998 0.5751070453125 0.2743648828125 0.5629599625 0.270430978125 0.5063482765625
33 0.2113413515625 0.49715591718749996 0.21058088593750002 0.493243665625 0.151879928125 0.5063425031250001 0.146601425 0.57824419375 0.2098782484375 0.565944425 0.2113413515625 0.49715591718749996
33 0.1495982390625 0.5152566546874999 0.148820775 0.5112569484375 0.08912045468749999 0.523484725 0.0807767796875 0.6005824890625 0.1439093515625 0.5863912203125 0.1495982390625 0.5152566546874999