17 0.81015625 0.54765625 0.0984375 0.146875
16 0.73125 0.5578125 0.0984375 0.1453125
15 0.65 0.56875 0.096875 0.146875
15 0.56953125 0.578125 0.096875 0.1484375
14 0.48984375 0.58984375 0.0984375 0.15
13 0.41015625 0.60078125 0.096875 0.146875
14 0.32734375 0.61171875 0.0984375 0.15
13 0.2453125 0.625 0.096875 0.1484375
12 0.16171875 0.6359375 0.0984375 0.146875
11 0.62890625 0.43046875 0.0984375 0.1453125
11 0.55 0.440625 0.096875 0.14375
11 0.47109375 0.4515625 0.09375 0.1453125
9 0.3921875 0.46171875 0.1 0.146875
9 0.3125 0.47265625 0.0984375 0.146875