17 0.88671875 0.6203125 0.06875 0.146875
16 0.82265625 0.615625 0.0703125 0.15
15 0.76171875 0.6109375 0.0703125 0.1515625
9 0.703125 0.60234375 0.06875 0.146875
9 0.64375 0.59609375 0.0765625 0.14375
11 0.5828125 0.590625 0.0703125 0.14375
10 0.52734375 0.5828125 0.0734375 0.140625
9 0.46953125 0.57265625 0.0671875 0.134375
14 0.409375 0.57109375 0.0640625 0.1359375
14 0.35234375 0.5625 0.0625 0.128125
14 0.296875 0.5546875 0.0609375 0.1328125
15 0.23984375 0.5484375 0.0625 0.1359375
15 0.1859375 0.54609375 0.0625 0.1390625
15 0.12890625 0.5328125 0.0578125 0.1359375
29 0.07421875 0.53046875 0.0609375 0.1328125
1 0.6077444437499999 0.17748139999999998 0.65859733125 0.090051009375 0.6591210843749999 0.08632430625000001 0.63088616875 0.03444370625 0.575028890625 0.1178412546875 0.605312859375 0.1771396625 0.6077444437499999 0.17748139999999998
26 0.5545404703125 0.055789260937499995 0.5553461359375 0.0500566515625 0.5159996921875 0.017846946875 0.5152695140625 0.017744326562500003 0.47742593749999995 0.122364590625 0.5185030234375 0.1570500578125 0.51964794375 0.157210965625 0.5545404703125 0.055789260937499995
2 0.403133959375 0 0.34848284218750003 0.053709178125 0.36488672499999997 0.12125999531250001 0.3656656546875 0.12136946562499999 0.4279551296875 0.0695557171875 0.4285550390625 0.06528714062499999 0.4137611234375 0 0.403133959375 0