9 0.8796875 0.56875 0.0609375 0.078125
10 0.8203125 0.5703125 0.0625 0.0796875
11 0.76640625 0.575 0.053125 0.075
36 0.709375 0.578125 0.0515625 0.0671875
36 0.6546875 0.58046875 0.053125 0.06875
32 0.60234375 0.59140625 0.05625 0.06875
32 0.54765625 0.5921875 0.053125 0.0671875
32 0.49453125 0.5953125 0.0546875 0.0703125
14 0.4453125 0.6015625 0.0515625 0.075
15 0.39140625 0.60546875 0.0515625 0.0765625
16 0.3421875 0.61171875 0.0484375 0.071875
17 0.29375 0.61328125 0.0484375 0.065625
17 0.2421875 0.61953125 0.0515625 0.0734375
17 0.19140625 0.62421875 0.0515625 0.071875