34 0.925 0.553125 0.05 0.078125
34 0.85234375 0.5484375 0.0609375 0.08125
33 0.78125 0.53984375 0.0625 0.0765625
33 0.7078125 0.5359375 0.0609375 0.078125
33 0.6390625 0.528125 0.0609375 0.075
7 0.5734375 0.52109375 0.059375 0.084375
7 0.50703125 0.5125 0.059375 0.078125
7 0.4390625 0.5046875 0.059375 0.0796875
23 0.3765625 0.4984375 0.0546875 0.0765625
23 0.3140625 0.49296875 0.0578125 0.075
23 0.24765625 0.4875 0.0625 0.0796875
32 0.18203125 0.48203125 0.0546875 0.0640625
32 0.1171875 0.47265625 0.05625 0.0703125
32 0.0546875 0.46484375 0.0609375 0.078125