37 0.8671875 0.56875 0.0703125 0.078125
37 0.81015625 0.56484375 0.0578125 0.071875
37 0.7515625 0.55546875 0.065625 0.0828125
8 0.6953125 0.5515625 0.065625 0.0828125
8 0.63828125 0.5453125 0.0640625 0.0796875
5 0.5828125 0.5453125 0.0640625 0.0828125
4 0.525 0.53671875 0.0625 0.0828125
3 0.4671875 0.5328125 0.0609375 0.084375
3 0.409375 0.52421875 0.0671875 0.084375
2 0.34921875 0.51484375 0.0609375 0.078125
1 0.290625 0.51015625 0.0546875 0.08125
2 0.22890625 0.503125 0.0546875 0.084375
1 0.16953125 0.50078125 0.0578125 0.0859375
0 0.109375 0.490625 0.0609375 0.08125