17 0.83203125 0.67109375 0.1234375 0.175
17 0.7421875 0.65390625 0.121875 0.175
17 0.65 0.6359375 0.1296875 0.1828125
16 0.55625 0.61640625 0.128125 0.18125
15 0.4625 0.59609375 0.1265625 0.1796875
14 0.36953125 0.5765625 0.1265625 0.1796875
13 0.27421875 0.559375 0.128125 0.18125
12 0.17734375 0.540625 0.125 0.1765625
12 0.68359375 0.475 0.125 0.175
12 0.590625 0.45546875 0.1234375 0.1734375
11 0.08046875 0.5203125 0.125 0.1765625
11 0.49765625 0.4375 0.125 0.175
10 0.4046875 0.41640625 0.125 0.1734375
9 0.3109375 0.396875 0.125 0.178125