28 0.11796875 0.4375 0.0578125 0.0890625
36 0.16875 0.4484375 0.053125 0.0796875
36 0.2171875 0.45625 0.05 0.078125
36 0.26953125 0.46796875 0.05625 0.08125
36 0.3171875 0.475 0.05 0.078125
5 0.36640625 0.484375 0.0515625 0.0859375
5 0.41640625 0.49140625 0.0484375 0.0796875
5 0.46796875 0.5015625 0.0515625 0.0828125
0 0.5171875 0.50859375 0.05 0.0796875
0 0.56484375 0.51484375 0.053125 0.078125
0 0.61484375 0.52109375 0.05 0.0796875
0 0.6671875 0.53046875 0.0546875 0.0734375
3 0.71875 0.5421875 0.053125 0.0796875
3 0.76796875 0.54921875 0.053125 0.0796875
3 0.815625 0.55859375 0.0515625 0.0765625
4 0.8640625 0.5625 0.053125 0.08125
4 0.91328125 0.571875 0.05625 0.084375