27 0.08515625 0.69921875 0.071875 0.0953125
24 0.14765625 0.6890625 0.0609375 0.0953125
24 0.20703125 0.67421875 0.0625 0.096875
24 0.2671875 0.6625 0.0625 0.09375
41 0.32421875 0.65234375 0.065625 0.0890625
32 0.384375 0.63828125 0.05625 0.08125
32 0.44140625 0.62109375 0.0578125 0.0796875
32 0.49453125 0.6109375 0.053125 0.075
21 0.5515625 0.59765625 0.059375 0.08125
21 0.609375 0.58984375 0.0578125 0.0765625
21 0.6640625 0.58359375 0.0546875 0.08125
22 0.725 0.578125 0.0640625 0.0859375
22 0.7796875 0.56484375 0.05625 0.078125
34 0.82890625 0.55234375 0.0578125 0.084375
34 0.8921875 0.5484375 0.05625 0.078125