4 0.84296875 0.64375 0.05625 0.0765625
4 0.79140625 0.65078125 0.053125 0.08125
7 0.68828125 0.659375 0.0515625 0.0828125
7 0.63203125 0.66328125 0.0484375 0.0828125
7 0.575 0.66171875 0.046875 0.0765625
7 0.52109375 0.66484375 0.046875 0.0765625
32 0.896875 0.6421875 0.0515625 0.08125
37 0.73984375 0.6578125 0.0546875 0.0796875
36 0.46875 0.6703125 0.0484375 0.0828125
36 0.41484375 0.67578125 0.0515625 0.0796875
36 0.3578125 0.6796875 0.0453125 0.0796875
28 0.30234375 0.68359375 0.053125 0.0859375
34 0.24296875 0.6890625 0.04375 0.0828125
34 0.1859375 0.690625 0.0453125 0.08125
34 0.1296875 0.69609375 0.0453125 0.0828125