16 0.9359375 0.5796875 0.065625 0.1109375
16 0.871875 0.584375 0.065625 0.1140625
14 0.80546875 0.5890625 0.065625 0.115625
14 0.73828125 0.59296875 0.06875 0.1140625
14 0.671875 0.59765625 0.0703125 0.115625
11 0.60390625 0.6 0.071875 0.115625
11 0.53828125 0.603125 0.06875 0.115625
11 0.47109375 0.60703125 0.071875 0.11875
10 0.40234375 0.61171875 0.06875 0.115625
10 0.334375 0.6140625 0.0734375 0.1171875
10 0.26640625 0.6203125 0.0734375 0.11875
9 0.196875 0.625 0.06875 0.1171875
9 0.128125 0.628125 0.0671875 0.1140625
9 0.0578125 0.63203125 0.065625 0.1171875