29 0.9218219124999999 0.6411329984374999 0.9582708796875 0.64951908125 0.968785725 0.6502543515625 0.9696069218750001 0.6385106765625 0.9633175749999999 0.56869599375 0.9161916765625 0.5581175968750001 0.9218219124999999 0.6411329984374999
39 0.870888353125 0.6543729078125 0.8827125921875 0.6551997390625 0.921424559375 0.6555699390624999 0.9216271421875 0.652672853125 0.906959625 0.5693842390625 0.858626140625 0.5680575421875 0.8585080984375001 0.56974563125 0.870888353125 0.6543729078125
26 0.85154765 0.6592857359375001 0.8679180515624999 0.659170575 0.8687594390625 0.6471381671875001 0.85742806875 0.5715761671874999 0.8061381000000001 0.5700120921875 0.8184578265625 0.6569718703125 0.85154765 0.6592857359375001
25 0.7648039859375 0.66105160625 0.7712633515625 0.6615032890625 0.8176698437500001 0.660974078125 0.8178503796875001 0.658392284375 0.8059314203125 0.57238311875 0.7550553343749999 0.5708316640625 0.7548973421875 0.5730910703125 0.7648039859375 0.66105160625
24 0.7581651828125 0.6621536906250001 0.7627663515625 0.662153178125 0.7632235546875 0.6556148671875001 0.75382278125 0.57314001875 0.7025328140625 0.5715759421875 0.7099759531250001 0.6587839718749999 0.7581651828125 0.6621536906250001
18 0.6838517453125 0.6647887671875 0.7077971562500001 0.6642718828125 0.708388190625 0.6558196921875 0.7007516453125 0.5734330578125 0.6460397953125 0.57161464375 0.6521600828125 0.6625726703125 0.6838517453125 0.6647887671875
18 0.6478465359375 0.6622710374999999 0.649978740625 0.6623376296875 0.6503217140625 0.6574328765625 0.6457817796875001 0.568954971875 0.58971600625 0.56739318125 0.5933595890625 0.6584609390625 0.6478465359375 0.6622710374999999
18 0.5349190203124999 0.662205953125 0.5901976609374999 0.6660714125 0.5919384562500001 0.641176878125 0.5895272281249999 0.5711310468749999 0.5334614546875 0.56956925625 0.5349190203124999 0.662205953125
23 0.510162496875 0.6714390171875 0.53030533125 0.6713961515625 0.5331233765625 0.6310962265625 0.5335023890625 0.5751257078124999 0.475681978125 0.5737925171875 0.4754316703125 0.6690104015625 0.510162496875 0.6714390171875
23 0.47375887343749995 0.672763040625 0.47441055312499997 0.5765263843749999 0.47380513124999996 0.57648405 0.4165903359375 0.575164825 0.412801390625 0.6724624421875001 0.41778822031249996 0.6728111546875 0.47375887343749995 0.672763040625
20 0.408508571875 0.6660212859375 0.41521554531250005 0.570107103125 0.35668829999999996 0.5693777125 0.34971858437500003 0.663352315625 0.38847529999999997 0.66606245 0.408508571875 0.6660212859375
20 0.3497317546875 0.5881953906249999 0.356104646875 0.49705878124999997 0.2992992203125 0.49431104843749996 0.2899587265625 0.5855566734375001 0.319954434375 0.587654178125 0.3497317546875 0.5881953906249999
20 0.280337709375 0.6812916734375001 0.28348562187500004 0.6395850265624999 0.28756225625 0.581286440625 0.2247980671875 0.583028425 0.21647115156250002 0.6822284265625 0.2309150921875 0.6832384453125 0.280337709375 0.6812916734375001
25 0.152975715625 0.6918852328125 0.214141159375 0.6904841562499999 0.2212358375 0.5890255296875 0.1595426015625 0.5909129515625 0.14891940312500002 0.6824258171875 0.14828089375 0.6915569390625 0.152975715625 0.6918852328125
25 0.145865446875 0.69002175625 0.148667290625 0.66363185 0.1539158359375 0.5885741515625 0.1523178328125 0.5884624078125 0.09330785312499999 0.5886876359375 0.07910503125 0.6914186375 0.0876005015625 0.6920126984375 0.145865446875 0.69002175625
37 0.0802737921875 0 0.0678769875 0.017661521875 0.1181264984375 0.040993734375 0.124095628125 0.0414111375 0.144091325 0.012291853125 0.14442319374999998 0.007545914062500001 0.12784986250000002 0 0.0802737921875 0
9 0.1496650921875 0 0.1499156109375 0.030686121875 0.1551727328125 0.0310537359375 0.2106186265625 0.0240793796875 0.21154388750000003 0.0108475234375 0.21138907499999998 0 0.1496650921875 0
2 0.1262611578125 0.4016712453125 0.1268739515625 0.392907884375 0.063852046875 0.3620757234375 0.03324873125 0.42172416874999996 0.10009322968750001 0.45153781875 0.1262611578125 0.4016712453125
18 0.020178734375 0.28318871875 0.024404017187499998 0.2834841796875 0.078663515625 0.231173765625 0.07880082968749999 0.2292100859375 0.0484220640625 0.1952394875 0.0191242890625 0.21726565937500003 0.014981949999999999 0.274099265625 0.020178734375 0.28318871875
5 0.2585176359375 0.0617750484375 0.2684143765625 0.026337770312499998 0.2695115859375 0.01064693125 0.230166975 0.002155021875 0.21394911562500002 0.052659259375 0.25688301406249997 0.061660743750000004 0.2585176359375 0.0617750484375
5 0.1633736875 0.27597241562499997 0.1650870390625 0.276092225 0.19583083125 0.2355547 0.1958982828125 0.23459009218750002 0.142830653125 0.200437134375 0.10925897968750001 0.24162533281249998 0.1092367546875 0.24194317656250003 0.1633736875 0.27597241562499997
9 0.115273425 0.155614771875 0.1155952125 0.1510129921875 0.1037991734375 0.09186569375 0.0556928421875 0.1054815734375 0.0641821078125 0.17192428125 0.115273425 0.155614771875
10 0.260591896875 0.071006378125 0.226128471875 0.0673417546875 0.2168144078125 0.0666904515625 0.2072731875 0.12517738750000001 0.2219788140625 0.1265715703125 0.256537415625 0.12898814218750002 0.260591896875 0.071006378125
5 0.301958265625 0 0.2963668609375 0.0234969625 0.3554914828125 0.0340971796875 0.35726108437500004 0.034220921875 0.3622139671875 0.0065030578125 0.3626687046875 0 0.301958265625 0
7 0.4285818078125 0.08463130156250001 0.4300385984375 0.06693595937499999 0.43150034374999996 0.046032029687499997 0.37460333437500004 0.0350046859375 0.36858357656249996 0.0770804328125 0.401795684375 0.0827582328125 0.4285818078125 0.08463130156250001
2 0.1877820734375 0.05946568437500001 0.1887137640625 0.0461418828125 0.158271234375 0.043800928125 0.1279966609375 0.0416839234375 0.11660984062499999 0.0839021046875 0.1571214859375 0.0875773625 0.1822233359375 0.08933265625 0.1877820734375 0.05946568437500001
23 0.31407978124999997 0.11108347968750001 0.3193856015625 0.1114544984375 0.33881856250000003 0.0616393703125 0.2962833171875 0.0464300015625 0.2735278296875 0.098924678125 0.31407978124999997 0.11108347968750001
4 0.4059153234375 0.2506420609375 0.4391137546875 0.2059474265625 0.43955271875 0.1996699515625 0.4034977484375 0.17148165312500002 0.36583176875 0.22129704062500002 0.401843553125 0.2503573359375 0.4059153234375 0.2506420609375
23 0.50597403125 0.212973184375 0.5083892859375 0.1784334390625 0.450012484375 0.1649350921875 0.44394050937499996 0.21038368749999997 0.5044779484374999 0.2242096703125 0.50597403125 0.212973184375
1 0.345892890625 0.43127010937500004 0.39837200625 0.43493980624999995 0.40592827343750004 0.3600124078125 0.3531610625 0.3533677609375 0.342632865625 0.43087194375 0.345892890625 0.43127010937500004
24 0.6868929703125 0.4378856875 0.688098915625 0.43797001562500004 0.7282205328125 0.39460335468749996 0.7283413375000001 0.3928757515625 0.6959104093749999 0.351021125 0.6533245765625 0.3904963828125 0.653283146875 0.3910888640625 0.6868929703125 0.4378856875
24 0.559482190625 0.41874142187499996 0.618362390625 0.428394615625 0.62401945 0.4287901953125 0.6248926828125 0.4163023859375 0.625759384375 0.3735188125 0.5632131546875 0.36506976562500004 0.559482190625 0.41874142187499996
10 0.2141491109375 0.3045840265625 0.2689433046875 0.26516663125 0.2692427296875 0.26088465625 0.2424255453125 0.2191828078125 0.1837764984375 0.26162720625 0.2120393578125 0.3044364984375 0.2141491109375 0.3045840265625
14 0.504169346875 0.06798848125 0.5309907078125 0.056812220312499995 0.5311355046874999 0.054741546875000005 0.5032731296875 0.009673259375 0.46989405937499995 0.025772781249999998 0.4980286828125 0.0675590828125 0.504169346875 0.06798848125
16 0.3754607765625 0.1780282765625 0.400533034375 0.15289486562500001 0.40094865156250004 0.1469512421875 0.3596787453125 0.1069216515625 0.325964103125 0.1355718421875 0.370428115625 0.1776763578125 0.3754607765625 0.1780282765625
17 0.5802192093749999 0.31451898749999996 0.6127025015625 0.2770391234375 0.6128829359375 0.2744587890625 0.5820036125 0.2398950171875 0.545559034375 0.2854373296875 0.5758097953125 0.31421065000000004 0.5802192093749999 0.31451898749999996
15 0.501148890625 0.47658560625 0.5093416203125 0.4771584984375 0.5296942312499999 0.4107035625 0.48483331874999996 0.386608703125 0.4601727015625 0.45536902812499996 0.501148890625 0.47658560625
2 0.3947950265625 0.3266139125 0.4429708875 0.32998269687500004 0.4469980390625 0.2723917421875 0.44737956093750003 0.2605956203125 0.39918639843750003 0.25770334687499996 0.3947950265625 0.3266139125
17 0.11980265937500001 0.3747361375 0.15023654375 0.30520016562499996 0.1507291 0.29815628437499997 0.10286421406249999 0.2815573 0.067775109375 0.35359300781249997 0.1163147609375 0.37449224062500003 0.11980265937500001 0.3747361375
33 0.2252461234375 0.15088673125000002 0.22563883125 0.14527076562500002 0.1773342953125 0.13966868593749998 0.1619376359375 0.2022551703125 0.21387275312499998 0.2058868265625 0.2252461234375 0.15088673125000002
9 0.3230889828125 0.32629868281249996 0.3412358265625 0.2617057390625 0.3415262453125 0.25755255625 0.2910895 0.24288089531249998 0.270411353125 0.311450821875 0.3205036046875 0.326117896875 0.3230889828125 0.32629868281249996
36 0.379377784375 0 0.37371102968750003 0.028366078125 0.417576715625 0.0368722859375 0.42895259843750005 0.037667765625 0.431313284375 0.003908384375 0.4134228875 0 0.379377784375 0
35 0.59910133125 0.220294109375 0.6432555671875 0.19849961875 0.6434278453125 0.19603591250000002 0.62049763125 0.1551266703125 0.5702976765625001 0.180173559375 0.5950360203125 0.2200098359375 0.59910133125 0.220294109375
33 0.1713421828125 0.42689591250000003 0.2239152046875 0.416312671875 0.22500050312500003 0.40079217500000003 0.21700475 0.3333872140625 0.1588803921875 0.34706633125 0.16424904375 0.42639991093749996 0.1713421828125 0.42689591250000003
37 0.2877602765625 0.20478828437500002 0.320665003125 0.1526938140625 0.320677965625 0.15250844531250002 0.27637377343749997 0.130803753125 0.24515151406250002 0.18436955625 0.28419457656249997 0.204538946875 0.2877602765625 0.20478828437500002
31 0.521010903125 0.1756756078125 0.5284425875000001 0.1380507640625 0.5296681265625 0.12052472968750001 0.491743425 0.107196609375 0.4773452171875 0.1625905734375 0.5161661859375 0.1753368328125 0.521010903125 0.1756756078125
37 0.6221142796875 0.1529854515625 0.6316861328125001 0.15365478125 0.6463990921875 0.1087464015625 0.6466679984375 0.1049008671875 0.609309528125 0.0857839109375 0.5895236890625 0.13812513906249999 0.5895046828125 0.1383969421875 0.6221142796875 0.1529854515625
32 0.4990387703125 0.3589643921875 0.554559371875 0.34694655625 0.5549295937500001 0.3416521359375 0.5427470859375 0.29233927656250003 0.4826572234375 0.30973222499999997 0.49277862031249997 0.358526640625 0.4990387703125 0.3589643921875
0 0.3149557203125 0.41970887812499996 0.3487368234375 0.3560306765625 0.349074984375 0.35119475 0.3059430734375 0.32380954375000004 0.2669117328125 0.39112558124999997 0.3136763046875 0.4196194125 0.3149557203125 0.41970887812499996
25 0.07525275625 0.6879683640625001 0.08402475312499999 0.6248909515625 0.0869264625 0.5833945703125 0.0242056234375 0.584112390625 0.0071623500000000005 0.6895205453125001 0.0074750703125 0.6895424140624999 0.07525275625 0.6879683640625001