3 0.36171875 0.51484375 0.053125 0.065625
3 0.3046875 0.528125 0.053125 0.065625
3 0.2421875 0.540625 0.0546875 0.065625
13 0.18359375 0.55546875 0.059375 0.06875
13 0.1234375 0.56640625 0.0625 0.071875
23 0.86953125 0.31875 0.0671875 0.0703125
23 0.81328125 0.33046875 0.0625 0.065625
23 0.75859375 0.34296875 0.0625 0.065625
22 0.70234375 0.353125 0.059375 0.065625
22 0.646875 0.36640625 0.0609375 0.065625
22 0.59140625 0.3765625 0.0578125 0.0625
26 0.53828125 0.3890625 0.0609375 0.065625
26 0.4828125 0.39921875 0.0546875 0.0625
26 0.43046875 0.4109375 0.05625 0.0625
41 0.3765625 0.42109375 0.0609375 0.06875
39 0.3234375 0.43203125 0.05625 0.065625
38 0.26796875 0.4421875 0.059375 0.0609375
30 0.2140625 0.45546875 0.0671875 0.0703125