4 0.81328125 0.7015625 0.0609375 0.0796875
4 0.76015625 0.69921875 0.059375 0.084375
7 0.6578125 0.6890625 0.05625 0.0859375
7 0.6015625 0.684375 0.053125 0.0859375
7 0.54609375 0.67265625 0.0515625 0.0796875
7 0.4921875 0.665625 0.053125 0.0796875
32 0.86640625 0.70859375 0.05625 0.0828125
37 0.70859375 0.696875 0.059375 0.0828125
36 0.43984375 0.6625 0.053125 0.0859375
36 0.38515625 0.65859375 0.05625 0.08125
36 0.32890625 0.65234375 0.05 0.0828125
28 0.2734375 0.64609375 0.0578125 0.0875
34 0.2140625 0.64140625 0.0484375 0.084375
34 0.1578125 0.63359375 0.05 0.084375
34 0.1015625 0.62890625 0.05 0.0859375