8 0.8671875 0.65625 0.115625 0.1640625
8 0.7765625 0.63515625 0.1140625 0.1671875
8 0.6859375 0.615625 0.1171875 0.1671875
8 0.59453125 0.5953125 0.1171875 0.16875
7 0.50390625 0.575 0.1234375 0.1734375
6 0.41328125 0.553125 0.1203125 0.171875
5 0.3203125 0.53359375 0.121875 0.175
4 0.22734375 0.5125 0.121875 0.175
3 0.13359375 0.49140625 0.1265625 0.175
5 0.71875 0.45703125 0.1171875 0.1671875
4 0.62734375 0.43671875 0.121875 0.1671875
3 0.5375 0.415625 0.1171875 0.16875
1 0.44765625 0.39375 0.1171875 0.1703125
1 0.35625 0.37265625 0.1234375 0.1703125