7 0.703125 0.58984375 0.1015625 0.15625
7 0.615625 0.58125 0.1 0.1578125
7 0.5265625 0.57265625 0.103125 0.159375
6 0.43984375 0.5625 0.103125 0.1578125
6 0.34921875 0.55546875 0.10625 0.159375
6 0.25859375 0.54609375 0.1046875 0.159375
2 0.8046875 0.44765625 0.0953125 0.153125
2 0.7171875 0.4375 0.0984375 0.15625
2 0.63046875 0.4296875 0.1 0.15625
2 0.54140625 0.4203125 0.0984375 0.153125
1 0.45546875 0.4109375 0.1015625 0.15625
0 0.36640625 0.39921875 0.1015625 0.1515625
0 0.27578125 0.39140625 0.103125 0.1578125
0 0.1859375 0.38125 0.1015625 0.15625