41 0.373604828125 0.31586286406249997 0.37509960000000003 0.309867659375 0.3471286359375 0.3024618421875 0.32556854999999996 0.29708630937499997 0.2887937390625 0.3685805765625 0.325813259375 0.3792743453125 0.3430738 0.38357788125000003 0.373604828125 0.31586286406249997
40 0.3187155796875 0.2970398609375 0.31948061875 0.29397145468749997 0.269776265625 0.280811328125 0.230710459375 0.35073155312500004 0.2833035296875 0.363844478125 0.3187155796875 0.2970398609375
28 0.2638946265625 0.284401634375 0.2649078484375 0.2803378234375 0.21450407500000002 0.26684891718750003 0.17402858906250002 0.337589140625 0.225250321875 0.350526771875 0.2638946265625 0.284401634375
27 0.1699543296875 0.330752346875 0.2085723421875 0.26731544375 0.210316240625 0.26032105156249996 0.1608967484375 0.247095553125 0.1169390296875 0.3140107234375 0.1684417046875 0.3303752078125 0.1699543296875 0.330752346875
34 0.5368887421874999 0.41901870468749997 0.552630009375 0.36641691249999997 0.558935265625 0.3411279125 0.5047830125 0.328289984375 0.47933154375000003 0.40332289687499995 0.5190631703124999 0.4145742890625 0.5368887421874999 0.41901870468749997
34 0.49611555156250003 0.341194875 0.49889130000000004 0.330061959375 0.444570928125 0.315710328125 0.41477272187500003 0.39018209375 0.47459389218750003 0.4050971875 0.49611555156250003 0.341194875
34 0.43692656249999995 0.3266998015625 0.43880607656250004 0.31916148125 0.38338405625 0.3040474484375 0.351452303125 0.376004875 0.41067903125000005 0.39077175625 0.43692656249999995 0.3266998015625
31 0.9383889140624999 0.6599508390625 0.9390841859375 0.657162253125 0.936843109375 0.5573865390625 0.9363116578125 0.5572540328125 0.8728294671875 0.5425742046875001 0.86788253125 0.6432540984374999 0.894206278125 0.6498173453125 0.9383889140624999 0.6599508390625
31 0.80911820625 0.6302128406249999 0.8594099671875 0.6408658968750001 0.860091125 0.638133921875 0.86273860625 0.5414142890625 0.7987251796875 0.526611615625 0.7905399515625 0.6255807609375 0.80911820625 0.6302128406249999
17 0.7492758046875 0.6233441234375 0.78156851875 0.630136090625 0.78251325625 0.6263469578125 0.7890692453125 0.5339084234375 0.7250558203125 0.5191057484375 0.7138642749999999 0.6145150375 0.7492758046875 0.6233441234375
17 0.6374446625 0.5954614874999999 0.7024363390625 0.6116657328125 0.707662771875 0.5907036531250001 0.716796753125 0.5174822421874999 0.6551058875 0.5038067234375 0.6374446625 0.5954614874999999
17 0.6290205515625 0.5961029578125 0.6315299640625 0.5860382578125 0.6458063859375 0.5009262718749999 0.635032940625 0.49824015 0.5841636968749999 0.48696355 0.5615656828125 0.5797634 0.6023206828125 0.5899247640625 0.6290205515625 0.5961029578125
13 0.4957248515625 0.5520751015625 0.5587819953125 0.5677970125 0.5612986671875 0.5577031906250001 0.58087136875 0.47666477812499997 0.5191805046875 0.4629892640625 0.4957248515625 0.5520751015625
13 0.48639189375 0.5545791343750001 0.5095395109374999 0.46173911093750003 0.4511673734375 0.4494545109375 0.42472651875 0.5392042296875 0.48639189375 0.5545791343750001
13 0.4208804953125 0.53333919375 0.44261064218749996 0.45891090468750007 0.447090753125 0.44094216406250003 0.389112965625 0.42898471093749996 0.35811402187499997 0.5177648671874999 0.41236285937500006 0.531290621875 0.4208804953125 0.53333919375
12 0.3532723578125 0.514386859375 0.378271253125 0.439238171875 0.382021878125 0.4241952359375 0.324494603125 0.41233069999999994 0.28839709375 0.4987721515625 0.326126271875 0.5081790921875 0.3532723578125 0.514386859375
11 0.314032121875 0.42562201406250005 0.31677085781250003 0.41463754531249997 0.25952228125 0.4028304859375 0.22126251406250003 0.486864621875 0.2838900015625 0.502479409375 0.314032121875 0.42562201406250005
10 0.22383612187500002 0.47555763593749995 0.25857895625 0.39614336875 0.260425640625 0.388736721875 0.23891673125000001 0.3833739484375 0.2036329984375 0.375619796875 0.16199040625 0.4608140890625 0.1939550171875 0.46878376250000003 0.22383612187500002 0.47555763593749995