29 0.13125 0.60703125 0.053125 0.078125
38 0.078125 0.6171875 0.0671875 0.0875
8 0.91640625 0.528125 0.0671875 0.0890625
8 0.8578125 0.53984375 0.065625 0.09375
4 0.7984375 0.54609375 0.0640625 0.09375
5 0.740625 0.55078125 0.0609375 0.0921875
6 0.6828125 0.55546875 0.0609375 0.0890625
2 0.6265625 0.56328125 0.0609375 0.0890625
1 0.56953125 0.56796875 0.0609375 0.0921875
0 0.5140625 0.57421875 0.05625 0.0921875
0 0.459375 0.578125 0.059375 0.09375
0 0.403125 0.5859375 0.059375 0.0953125
0 0.34765625 0.59140625 0.0578125 0.09375
6 0.29375 0.59765625 0.05625 0.0890625
5 0.2421875 0.60234375 0.059375 0.0875
4 0.1875 0.6078125 0.059375 0.0859375