20 0.9234375 0.5046875 0.0734375 0.0953125
20 0.8578125 0.51328125 0.06875 0.0890625
23 0.7921875 0.525 0.065625 0.1
23 0.728125 0.53359375 0.06875 0.103125
23 0.6625 0.54375 0.075 0.1078125
37 0.5953125 0.5515625 0.0734375 0.109375
37 0.52890625 0.56171875 0.06875 0.103125
37 0.4625 0.575 0.0734375 0.109375
32 0.3953125 0.57734375 0.0671875 0.090625
32 0.328125 0.59140625 0.0625 0.09375
32 0.259375 0.59921875 0.06875 0.1015625
36 0.19296875 0.6078125 0.0609375 0.090625
36 0.12421875 0.61796875 0.0578125 0.096875
36 0.05390625 0.62890625 0.059375 0.0984375