17 0.86640625 0.70546875 0.0796875 0.1125
17 0.80546875 0.690625 0.08125 0.1171875
17 0.74609375 0.6765625 0.08125 0.1171875
15 0.6859375 0.6609375 0.0828125 0.115625
15 0.6265625 0.64375 0.08125 0.1171875
15 0.56640625 0.62734375 0.084375 0.1171875
13 0.50625 0.6109375 0.0828125 0.1140625
13 0.446875 0.59609375 0.084375 0.1171875
13 0.3875 0.58125 0.084375 0.115625
11 0.32890625 0.565625 0.084375 0.1171875
11 0.2671875 0.54921875 0.0875 0.11875
11 0.20546875 0.53359375 0.0890625 0.11875
9 0.14375 0.51796875 0.0890625 0.11875
9 0.084375 0.50078125 0.078125 0.1140625