12 0.946875 0.70703125 0.0734375 0.109375
11 0.8875 0.7171875 0.071875 0.10625
10 0.82890625 0.72265625 0.0703125 0.10625
9 0.7703125 0.72890625 0.06875 0.1046875
9 0.71328125 0.73515625 0.06875 0.10625
17 0.65625 0.74296875 0.0703125 0.10625
17 0.6 0.75078125 0.06875 0.10625
17 0.54375 0.75859375 0.0671875 0.10625
17 0.4875 0.76640625 0.0640625 0.0984375
16 0.43125 0.7734375 0.0625 0.103125
15 0.37734375 0.77734375 0.0640625 0.096875
13 0.325 0.78515625 0.0609375 0.1
14 0.27109375 0.79296875 0.065625 0.0984375
15 0.21640625 0.80390625 0.065625 0.0984375
29 0.1609375 0.8125 0.059375 0.0984375