34 0.88203125 0.51953125 0.05625 0.096875
34 0.825 0.51484375 0.05625 0.1
32 0.7671875 0.51015625 0.059375 0.1
32 0.709375 0.5046875 0.0625 0.1
32 0.65078125 0.49921875 0.0625 0.1015625
37 0.59140625 0.4953125 0.059375 0.103125
37 0.53359375 0.49140625 0.0625 0.1
37 0.47421875 0.4875 0.0625 0.103125
25 0.41484375 0.4828125 0.0625 0.1
25 0.3546875 0.478125 0.0625 0.1015625
25 0.2921875 0.47109375 0.0625 0.0984375
16 0.23046875 0.46875 0.0640625 0.1046875
16 0.16796875 0.46171875 0.0578125 0.1046875
16 0.10703125 0.45859375 0.0625 0.10625