21 0.2296875 0.4515625 0.0671875 0.08125
22 0.16875 0.4375 0.0640625 0.0796875
23 0.1078125 0.42421875 0.0625 0.0875
32 0.92265625 0.58984375 0.071875 0.08125
32 0.85703125 0.575 0.071875 0.078125
32 0.79453125 0.56171875 0.06875 0.084375
37 0.73046875 0.55234375 0.078125 0.096875
37 0.66875 0.53515625 0.075 0.09375
36 0.60546875 0.52265625 0.0765625 0.0859375
36 0.54296875 0.515625 0.0625 0.078125
36 0.48203125 0.5015625 0.0671875 0.0859375
31 0.4171875 0.48984375 0.065625 0.0859375
31 0.35234375 0.4765625 0.06875 0.0921875
31 0.29453125 0.46484375 0.075 0.1