0 0.89453125 0.5875 0.059375 0.08984375
0 0.83046875 0.5890625 0.053125 0.08984375
0 0.76875 0.59375 0.0546875 0.08984375
14 0.7078125 0.5984375 0.0546875 0.09375
14 0.646875 0.60234375 0.053125 0.09453125
13 0.5828125 0.6015625 0.0515625 0.0859375
13 0.521875 0.60625 0.05390625 0.0921875
13 0.4578125 0.60859375 0.05078125 0.09296875
24 0.396875 0.6140625 0.0515625 0.09296875
24 0.33671875 0.61484375 0.05234375 0.09453125
24 0.27578125 0.61953125 0.04765625 0.096875
16 0.215625 0.6234375 0.04921875 0.0859375
16 0.15078125 0.6265625 0.04609375 0.0890625
16 0.08984375 0.62890625 0.0484375 0.09375