40 0.1078125 0.51015625 0.053125 0.0875
30 0.1609375 0.5125 0.05 0.0859375
12 0.21484375 0.51484375 0.0484375 0.084375
12 0.26640625 0.5171875 0.0515625 0.0859375
12 0.3203125 0.5203125 0.0484375 0.0859375
10 0.37265625 0.5234375 0.05 0.0890625
10 0.4265625 0.52734375 0.0515625 0.084375
10 0.4796875 0.52890625 0.0515625 0.0890625
17 0.5328125 0.5328125 0.0515625 0.084375
17 0.5875 0.53515625 0.0515625 0.0890625
17 0.6421875 0.5375 0.0515625 0.0859375
13 0.69453125 0.540625 0.053125 0.0875
13 0.75 0.54375 0.0515625 0.0890625
13 0.803125 0.546875 0.0546875 0.0875
14 0.85859375 0.55078125 0.0515625 0.0859375
14 0.9140625 0.5546875 0.0515625 0.0890625