28 0.128125 0.59375 0.0546875 0.0890625
22 0.18359375 0.5875 0.0546875 0.078125
23 0.2359375 0.58046875 0.046875 0.08125
24 0.28671875 0.57421875 0.05625 0.0828125
19 0.3421875 0.56640625 0.0484375 0.0796875
20 0.39296875 0.55703125 0.0546875 0.08125
21 0.446875 0.55234375 0.05 0.0734375
34 0.496875 0.5453125 0.0546875 0.0796875
34 0.5484375 0.53828125 0.053125 0.0765625
34 0.6 0.53203125 0.04375 0.075
33 0.64921875 0.52265625 0.05 0.071875
33 0.7015625 0.51875 0.0515625 0.071875
33 0.75390625 0.51328125 0.046875 0.0671875
36 0.8046875 0.50625 0.0484375 0.06875
36 0.85546875 0.496875 0.0375 0.0671875