16 0.9105051890625001 0.479770134375 0.9229159593749999 0.45762340625000003 0.9225607921875 0.4535638296875 0.8927372265625 0.428677271875 0.8765382671875 0.45514204375 0.9091463875000001 0.47988901406249995 0.9105051890625001 0.479770134375
16 0.6814046734375 0.6880300515625 0.6839950328125 0.687803425 0.72177736875 0.6505458828124999 0.721649040625 0.649079090625 0.6972275812500001 0.6202027078125 0.6566072640625 0.6586106109375 0.6566704296875 0.6593326 0.6814046734375 0.6880300515625
16 0.7589489828125 0.5196613921875 0.758851653125 0.5185489078125001 0.7335104453125 0.49211823125 0.7331699484375 0.49214802031250005 0.6987250515625 0.5279074171875 0.7272166062500001 0.5554076109375 0.7286591546875 0.5552814046875 0.7589489828125 0.5196613921875
15 0.7876019859375 0.7022660187499999 0.7989971625 0.6726436875 0.798350278125 0.6652497562499999 0.75967458125 0.644426590625 0.743371346875 0.6842173484375 0.785954234375 0.702410178125 0.7876019859375 0.7022660187499999
13 0.8003128437499999 0.625867475 0.8177796984375 0.6004862171875 0.8174868578125001 0.5971390375000001 0.7840276875 0.56667583125 0.7620789625 0.5965966375 0.7968366687499999 0.6261715999999999 0.8003128437499999 0.625867475
11 0.8240716265625 0.5767347953125 0.8320030359375 0.52999990625 0.8319886546875 0.529835534375 0.8003192968749999 0.5209287921875 0.7917614421875 0.5678700421875 0.824028790625 0.57673854375 0.8240716265625 0.5767347953125
22 0.9598218828125 0.47231854531249995 0.9597079374999999 0.44789339375 0.9592099640624999 0.4422015234375 0.926652859375 0.439145684375 0.9247803906250001 0.43930950312499994 0.9255785734374999 0.47012955468750006 0.9256912343750001 0.47141726562499997 0.9554330562500001 0.47270251874999997 0.9598218828125 0.47231854531249995
20 0.9229279078125 0.6088661734375 0.9482488124999999 0.5858301484374999 0.9480333640625 0.58336755625 0.9330545515625 0.5568318171875 0.9035304796875 0.5829483046874999 0.9206698734375 0.6090637250000001 0.9229279078125 0.6088661734375
8 0.8402087375 0.73530676875 0.8554780359375 0.7086820031250001 0.8549608421875 0.7027704453125 0.8228562796875 0.6769096953125 0.8028484828125 0.7091672906250001 0.83566481875 0.735704309375 0.8402087375 0.73530676875
7 0.779972896875 0.7452821265625 0.7931656453125 0.7135551921875 0.79265699375 0.7077412828125 0.7512727078125 0.6890698015625001 0.7353190234375 0.7287179953125 0.77721141875 0.745523725 0.779972896875 0.7452821265625
5 0.9249550937500001 0.56006629375 0.9449645562500001 0.530363259375 0.9447456921875 0.52786163125 0.9244713515624999 0.507064034375 0.9004010015624999 0.53957274375 0.92382913125 0.5601648031249999 0.9249550937500001 0.56006629375
6 0.8896021062499999 0.41747018437500005 0.8894645390625 0.41589778437499997 0.8642251796875 0.3991218125 0.8637655203125 0.3991620265625 0.8474377843750001 0.437008953125 0.8735425781249999 0.4547715109375 0.8751308578125 0.45463255468749997 0.8896021062499999 0.41747018437500005
6 0.9065950656249999 0.7200879062500001 0.9089092624999999 0.691935025 0.9082994921875001 0.6849653171875 0.8712008953125 0.6785989859375 0.8664619203124999 0.7173190640625 0.9021520109375001 0.7204766234375 0.9065950656249999 0.7200879062500001
6 0.8325913328125001 0.6763714015625 0.8452661375 0.6457425015625 0.8451088359375 0.6439445375 0.8060957906249999 0.6232247140625 0.79108383125 0.659231234375 0.8269341265625 0.67686634375 0.8325913328125001 0.6763714015625
5 0.754959596875 0.6157191531249999 0.7597713140625 0.5828437234375 0.759511571875 0.5798748578125 0.7107090859375 0.570128659375 0.7050555421875 0.609580615625 0.7453313453125 0.6165615156250001 0.754959596875 0.6157191531249999
4 0.791304925 0.512157365625 0.80647199375 0.48916623281250005 0.8058530734374999 0.4820919453125 0.7731202390624999 0.45419579218750006 0.753139725 0.483358159375 0.79049754375 0.5122280015625 0.791304925 0.512157365625
3 0.9189010312500001 0.43825541250000005 0.9303641375 0.41726272656249996 0.9298235703125 0.411084028125 0.8983759093750001 0.387080425 0.8858957578125001 0.41328948125 0.9175546421874999 0.43837320625 0.9189010312500001 0.43825541250000005
3 0.8383506640625 0.6382242812500001 0.855270603125 0.5987449625 0.8548778765625 0.594256078125 0.8280727000000001 0.5789896203125 0.8081401093749999 0.6226627953125 0.8354178609374999 0.63848086875 0.8383506640625 0.6382242812500001
1 0.8593968796875 0.699121715625 0.8780130046875 0.6614873640625001 0.8775134296875 0.6557772 0.8532046687499999 0.6388708734375 0.832125734375 0.67935055 0.8579578343750001 0.699247615625 0.8593968796875 0.699121715625
1 0.79517515625 0.5393195609375 0.7950948140625 0.538401253125 0.766177425 0.5166121734375 0.737975190625 0.556122346875 0.7688023984375 0.5794964859375 0.79517515625 0.5393195609375
2 0.8807659609374999 0.6517665781249999 0.8924343046875001 0.6291191281249999 0.8918039109375 0.621913696875 0.859557159375 0.5976288703125 0.8457825765625 0.628735871875 0.8763654937500001 0.65215156875 0.8807659609374999 0.6517665781249999
2 0.9014335484375 0.582514253125 0.9030595609375001 0.5823719953125 0.9172816515625 0.555887634375 0.8862927609375 0.5309907609375 0.8696458515625001 0.5549158671875001 0.9014335484375 0.582514253125
2 0.9635401265624999 0.5629644140625001 0.9767714406250001 0.5353640640624999 0.9762187265625 0.529046521875 0.9582407109375 0.5112969140625 0.939459996875 0.5454148578125 0.9603642078125001 0.563242271875 0.9635401265624999 0.5629644140625001
1 0.945662821875 0.5253167640624999 0.9489484750000001 0.52502930625 0.96705359375 0.49678410156249997 0.947041896875 0.47434214375000006 0.9263768812500001 0.5057400046875 0.945662821875 0.5253167640624999
0 0.7915433593750001 0.3788166828125 0.8310217874999999 0.3753627671875 0.829184215625 0.3543592328125 0.8268486312500001 0.34206666874999997 0.7850253484375 0.3426716703125 0.7915433593750001 0.3788166828125
0 0.8210050531249999 0.7746301171875001 0.8240183828125 0.774366484375 0.84219854375 0.741785634375 0.8064157062499999 0.71394214375 0.7861406828125 0.7487967078125 0.8210050531249999 0.7746301171875001
33 0.8762674968749999 0.49531329218750003 0.8781229765624999 0.495150959375 0.8876993703125 0.467432525 0.8874392109375 0.46445889375 0.8524090781250001 0.443140378125 0.8396213781249999 0.47365654062500007 0.8396320078124999 0.4737780359375 0.8762674968749999 0.49531329218750003
33 0.9041088374999999 0.528952265625 0.92384228125 0.504066665625 0.9234557078125001 0.499648109375 0.9052558796874999 0.4785330515625 0.8794956781250001 0.50719455 0.9000592109375001 0.5293065625 0.9041088374999999 0.528952265625
35 0.8912705593749999 0.6163412375 0.9033907156250001 0.5930023890625 0.9028783031250001 0.58714549375 0.8731273078124999 0.5635926328124999 0.8552847218749999 0.5923183765625 0.8868558453125001 0.616727475 0.8912705593749999 0.6163412375
31 0.9350802343750001 0.670541721875 0.9487377859375 0.6452021718750001 0.94838921875 0.6412180359375 0.92056248125 0.61636825625 0.902410646875 0.644086615625 0.9336071125000001 0.670670603125 0.9350802343750001 0.670541721875
31 0.8443954015624999 0.435363 0.8447749765625 0.435329790625 0.8551153359375 0.4058986921875 0.8164116984374999 0.385133115625 0.8053018515625 0.413867496875 0.8443954015624999 0.435363
31 0.8082027046875 0.4808781 0.8153278875 0.4802547265625 0.8380995234374999 0.4741893359375 0.8376459781250001 0.4690052984375 0.826612646875 0.42844881875 0.7969468609375 0.43407649375 0.7970796796874999 0.43559462968749996 0.8082027046875 0.4808781
32 0.8553765171875 0.5285103859375 0.858276453125 0.489680584375 0.8578622656249999 0.48494638749999996 0.827253684375 0.478559559375 0.8238432796874999 0.5261843749999999 0.8458371203124999 0.529344975 0.8553765171875 0.5285103859375
32 0.8620237484375 0.5796882890624999 0.8656944718749999 0.5386135640624999 0.8654836843749999 0.53620425 0.835280659375 0.5311267109375 0.8309436671875 0.578645409375 0.8514703890625 0.5806115890625 0.8620237484375 0.5796882890624999
21 0.4942666390625 0.8874481718749999 0.5147237109375 0.893965903125 0.51642075 0.8938174312499999 0.5792721281250001 0.86825425625 0.577223125 0.844834053125 0.572190721875 0.81859556875 0.505744784375 0.8427343796875 0.4852767078125 0.837641840625 0.4942666390625 0.8874481718749999
21 0.4853110734375 0.838596503125 0.50291189375 0.8432398437499999 0.5078174625 0.8428106609375 0.5703482953125001 0.8200374109374999 0.568821890625 0.8025905312500001 0.5626445265625 0.77115758125 0.4964712265625 0.7922655875 0.47579103125 0.788023534375 0.4853110734375 0.838596503125
20 0.475991559375 0.787778134375 0.4924214703125 0.7908297078125 0.5024158421875 0.7899553125 0.56134775 0.770943746875 0.55891231875 0.7431066328125 0.55467414375 0.721428734375 0.48783217656250005 0.740320659375 0.4671230484375 0.73794793125 0.475991559375 0.787778134375
19 0.4841450921875 0.7397943359375 0.49040935937499996 0.739246284375 0.5523202687500001 0.7215421906249999 0.5511562015625 0.70823684375 0.5443934515625 0.6733530156249999 0.5425116203125 0.6735176546874999 0.47783686875000003 0.6890694625 0.45758281562500003 0.6879312765625001 0.466425659375 0.7380252734375 0.4841450921875 0.7397943359375
18 0.4574435296875 0.68813033125 0.47425402656250004 0.68890023125 0.482092375 0.688214465625 0.5418128531249999 0.6731525859375 0.5395107343750001 0.6468392578125 0.53476765 0.6242349078125 0.46629130625000004 0.6388441578124999 0.4485491671875 0.63896479375 0.4574435296875 0.68813033125
24 0.44823263593749996 0.6392409328124999 0.4503734171875 0.6392300546875 0.4765025234375 0.636944053125 0.5344215828125 0.624525334375 0.53401916875 0.619925715625 0.5253072671875 0.5770179953125 0.45926116562499997 0.5889660828125 0.43965711093750004 0.5903103828125 0.44823263593749996 0.6392409328124999
23 0.43155446406250003 0.542337078125 0.43957963749999995 0.5884149265625 0.472606915625 0.5855254140625 0.5254520234375 0.5757858312499999 0.524885759375 0.569313415625 0.5168147015625 0.5288236890625 0.45012145312499996 0.5386382359375 0.431426846875 0.5408784078125 0.43155446406250003 0.542337078125
22 0.43155415 0.5404945421875 0.451104465625 0.5387841124999999 0.5166581890625 0.529054884375 0.5156360953125 0.5173722921875 0.5088945265625 0.48232458125 0.44130879062500006 0.4899779390625 0.42307598906250005 0.4936155015625 0.43155415 0.5404945421875
26 0.4139458796875 0.44863611406250004 0.42240454843749997 0.4911040375 0.44983682343750003 0.488704025 0.507817371875 0.4817869109375 0.5069804718750001 0.47222109375 0.500706390625 0.43516364531249996 0.42964715625 0.44135055625 0.41368328749999994 0.4456346671875 0.4139458796875 0.44863611406250004
25 0.41320679218749995 0.44328621406249996 0.4261304484375 0.44215554062500007 0.43021956250000004 0.4409847171875 0.497458971875 0.43510055468750003 0.49517461406249996 0.40899023437500004 0.49172595625 0.3879155921875 0.4219817265625 0.391374528125 0.40423848125 0.3976786796875 0.41320679218749995 0.44328621406249996
24 0.39629345312500003 0.3544340140625 0.40427202656250005 0.39701385 0.40629364375000004 0.39683698125 0.42145762500000006 0.391601609375 0.49019901875 0.3879742671875 0.4896186703125 0.381340865625 0.48136225781249997 0.340294409375 0.413219790625 0.341991421875 0.39583762031249997 0.349223815625 0.39629345312500003 0.3544340140625
26 0.395291675 0.34760853593749996 0.398026940625 0.34736923124999997 0.4128634921875 0.34103476875 0.478150615625 0.339898771875 0.4750777859375 0.3047761765625 0.4728488171875 0.292510403125 0.40292481875 0.290889678125 0.386229346875 0.2996746703125 0.395291675 0.34760853593749996
25 0.37666024062500003 0.250770946875 0.385594059375 0.2982659765625 0.39041507656249996 0.2978441921875 0.40309596875000003 0.2915434734375 0.4541173984375 0.2922709609375 0.47227626093749997 0.290682265625 0.47197274062499994 0.287213025 0.4638817125 0.24529000937499998 0.3933557125 0.2419859546875 0.37666024062500003 0.250770946875
24 0.3680358140625 0.202778946875 0.3761639609375 0.25046847968749997 0.3774893765625 0.2503525203125 0.3930177953125 0.242075775 0.4445787015625 0.244482965625 0.4618284375 0.24297380937500002 0.4603334421875 0.2258859390625 0.45547157812499994 0.19895535625 0.3847127625 0.19284615624999998 0.3680358140625 0.202778946875
30 0.359410671875 0.154632515625 0.36763104062499996 0.20286338593750003 0.384831196875 0.19288754218749998 0.452753428125 0.1982821828125 0.4532095296875 0.1982422796875 0.45098751875 0.1728445703125 0.44722194843749996 0.150776071875 0.3762776953125 0.143351846875 0.359410671875 0.154632515625
41 0.35197736874999996 0.105432465625 0.360525715625 0.15427838437500002 0.37731519687500004 0.14312200625 0.4449394765625 0.1503432921875 0.44587481562500003 0.150261459375 0.44364346250000003 0.12475699062500001 0.43944118125 0.1031188765625 0.3679277984375 0.09346305 0.35197736874999996 0.105432465625
38 0.3437739546875 0.058903901562500006 0.351584790625 0.1049116890625 0.3676960671875 0.09288598125 0.4321975 0.10126707812499999 0.4384039203125 0.10072408749999999 0.43790477499999997 0.09501884375 0.430853834375 0.05443010625 0.358961653125 0.042865559375 0.343605375 0.056977021875 0.3437739546875 0.058903901562500006