10 0.9078125 0.42890625 0.0703125 0.1015625
10 0.84609375 0.43984375 0.06875 0.10625
11 0.78671875 0.44921875 0.06875 0.10625
11 0.7265625 0.45625 0.0703125 0.1078125
11 0.6671875 0.4671875 0.075 0.1109375
7 0.60703125 0.47421875 0.071875 0.10625
7 0.5453125 0.484375 0.0703125 0.10625
7 0.484375 0.49296875 0.071875 0.1109375
1 0.4234375 0.5015625 0.071875 0.10625
1 0.36328125 0.5109375 0.0765625 0.1109375
1 0.30078125 0.5203125 0.075 0.1109375
18 0.23828125 0.5296875 0.0765625 0.1125
18 0.175 0.53984375 0.075 0.103125
18 0.1125 0.54765625 0.0703125 0.1109375