26 0.85234375 0.70625 0.08125 0.1140625
25 0.79296875 0.68828125 0.0828125 0.1140625
24 0.7328125 0.6734375 0.0828125 0.1140625
23 0.67265625 0.65703125 0.0859375 0.115625
23 0.6109375 0.63984375 0.0859375 0.11875
22 0.54921875 0.62265625 0.0875 0.1203125
21 0.4875 0.60390625 0.0875 0.121875
20 0.42421875 0.58828125 0.0890625 0.121875
20 0.36171875 0.57109375 0.090625 0.121875
20 0.29765625 0.55390625 0.0890625 0.121875
20 0.2328125 0.53828125 0.0921875 0.125
18 0.1671875 0.51953125 0.09375 0.1234375
18 0.103125 0.5015625 0.0921875 0.125
18 0.0421875 0.48203125 0.084375 0.1234375