3 0.36171875 0.48359375 0.040625 0.0578125
3 0.303125 0.48359375 0.04140625 0.0578125
3 0.23984375 0.48203125 0.04140625 0.05859375
13 0.17890625 0.4828125 0.046875 0.0578125
13 0.11796875 0.4796875 0.05 0.0625
23 0.90078125 0.40625 0.05390625 0.059375
23 0.84296875 0.40546875 0.0515625 0.05546875
23 0.7875 0.40546875 0.0515625 0.05625
22 0.73046875 0.40234375 0.04921875 0.05625
22 0.6734375 0.403125 0.04921875 0.05703125
22 0.6171875 0.4 0.046875 0.05390625
26 0.5625 0.40078125 0.05078125 0.05625
26 0.50625 0.39765625 0.04453125 0.0546875
26 0.45234375 0.39765625 0.04453125 0.05390625
41 0.39765625 0.3953125 0.0484375 0.0578125
39 0.34296875 0.39375 0.0453125 0.05625
38 0.28671875 0.39140625 0.0484375 0.05234375
30 0.23125 0.3921875 0.05546875 0.05859375