17 0.89609375 0.3828125 0.0734375 0.1203125
16 0.83984375 0.41015625 0.0828125 0.1375
15 0.77890625 0.42890625 0.0765625 0.1328125
15 0.7203125 0.446875 0.0796875 0.1328125
14 0.6609375 0.46328125 0.08125 0.134375
13 0.6 0.484375 0.0890625 0.140625
12 0.53671875 0.5078125 0.0890625 0.1359375
11 0.4734375 0.52734375 0.0859375 0.14375
10 0.409375 0.5484375 0.0828125 0.140625
11 0.346875 0.571875 0.084375 0.1390625
10 0.28203125 0.59296875 0.0859375 0.1390625
9 0.21640625 0.61484375 0.0765625 0.1359375
9 0.1484375 0.64296875 0.08125 0.1296875
9 0.078125 0.65859375 0.084375 0.1375