32 0.94453125 0.5296875 0.06171875 0.1078125
32 0.87734375 0.52734375 0.0546875 0.1
25 0.80859375 0.52734375 0.0515625 0.10078125
24 0.7421875 0.5265625 0.06015625 0.1078125
23 0.675 0.53046875 0.059375 0.1046875
22 0.4015625 0.52890625 0.06484375 0.10546875
21 0.32890625 0.528125 0.059375 0.10703125
20 0.25703125 0.52890625 0.065625 0.10546875
6 0.60546875 0.52890625 0.0609375 0.10703125
6 0.18359375 0.53125 0.0625 0.10703125
5 0.53828125 0.528125 0.0578125 0.10625
5 0.1125 0.52890625 0.0625 0.109375
4 0.46875 0.52890625 0.06328125 0.109375
4 0.0390625 0.52890625 0.06015625 0.115625