41 0.1803607015625 0.333187190625 0.181534265625 0.3265315734375 0.113647159375 0.3168448546875 0.0709339421875 0.3751593515625 0.14506770625 0.388231134375 0.1803607015625 0.333187190625
26 0.39890753437500004 0.3804717875 0.40146591249999997 0.36596250625 0.330395371875 0.3543728140625 0.3012039484375 0.41734877031249995 0.3820072484375 0.431596571875 0.39890753437500004 0.3804717875
25 0.3004380625 0.418800328125 0.32868174375 0.355832334375 0.32893171875 0.3544146546875 0.25814770781249996 0.3433234140625 0.2250634828125 0.4043670921875 0.270242528125 0.413476040625 0.3004380625 0.418800328125
24 0.2557705703125 0.34642243906250003 0.25624798125 0.34371490625 0.18455818125 0.3318258953125 0.14554923749999998 0.3914892484375 0.224317878125 0.40537828593749997 0.2557705703125 0.34642243906250003
23 0.367372271875 0.451340203125 0.37070668906250004 0.4324297875 0.298817109375 0.4195743125 0.267432546875 0.4954839765625 0.349609753125 0.5099740359375 0.367372271875 0.451340203125
23 0.265336275 0.497008465625 0.2956710375 0.42607032812499995 0.29693590468750003 0.41889690625 0.2200985046875 0.4061224671875 0.180369440625 0.48330561093749996 0.2287257828125 0.49183213906249995 0.265336275 0.497008465625
23 0.1782400421875 0.48451674375 0.2155810765625 0.41238295625 0.2166278203125 0.4064465796875 0.14082440624999998 0.3924072765625 0.0921239140625 0.46909951875000006 0.1271981515625 0.47551668124999996 0.1782400421875 0.48451674375
20 0.3441305796875 0.5201638359375 0.3458086453125 0.51064705 0.26162959531249996 0.49664590000000003 0.22599452812499998 0.5849601859375 0.319222571875 0.6013988046875001 0.3441305796875 0.5201638359375
20 0.259491509375 0.505281515625 0.2605844328125 0.4990832390625 0.17442754375 0.48598264062499996 0.13203492187500002 0.5715657796875 0.2249854515625 0.587955465625 0.259491509375 0.505281515625
20 0.170035734375 0.4907218515625 0.17080618593750002 0.48635240625 0.089263659375 0.469375878125 0.038113621874999996 0.5550049203125 0.130147428125 0.5712329640625 0.170035734375 0.4907218515625
32 0.8643986218749999 0.6039184109375 0.9548455015625 0.6198666359375 0.9555567187499999 0.6158331312499999 0.9339923718750001 0.532533521875 0.85193419375 0.519142028125 0.8643986218749999 0.6039184109375
32 0.8638097734375 0.6052692609375 0.86434316875 0.6022442171875 0.8518402187499999 0.5179928625 0.767177284375 0.5028973390625 0.772921646875 0.5908463078125 0.8638097734375 0.6052692609375
32 0.6807582828125 0.5762974765625 0.7488081328125 0.5882965015625 0.7725000015625 0.5922260546875 0.77273648125 0.5908849078125 0.766554046875 0.50602301875 0.6854601515625001 0.491980365625 0.6853226109375 0.4927603921875 0.6807582828125 0.5762974765625
22 0.59156821875 0.5605708609375 0.6770543453125 0.575644371875 0.6802120265625 0.5577362796875 0.6829782859375 0.4949147703125 0.6023340968750001 0.4805159375 0.59156821875 0.5605708609375
22 0.515170309375 0.5518596609374999 0.5869921671875 0.5645237921875 0.6014059765625 0.4827790171875 0.5196943 0.467398278125 0.5035930375000001 0.549719209375 0.515170309375 0.5518596609374999