27 0.1125 0.62734375 0.053125 0.0859375
38 0.0546875 0.62578125 0.05 0.084375
4 0.1671875 0.62421875 0.0453125 0.08125
5 0.221875 0.63046875 0.0453125 0.0828125
6 0.2796875 0.63125 0.0421875 0.0890625
33 0.3375 0.63125 0.0453125 0.0875
33 0.39296875 0.634375 0.0453125 0.0890625
33 0.45234375 0.634375 0.0515625 0.0921875
1 0.51015625 0.63828125 0.0546875 0.0890625
2 0.5671875 0.640625 0.046875 0.090625
3 0.621875 0.63671875 0.040625 0.084375
0 0.68359375 0.63984375 0.0453125 0.08125
0 0.74375 0.63984375 0.05 0.0828125
32 0.80234375 0.6421875 0.0515625 0.0796875
32 0.8625 0.6453125 0.05 0.08125
32 0.928125 0.6515625 0.05625 0.0828125