12 0.93984375 0.72265625 0.0703125 0.1078125
11 0.8796875 0.73046875 0.06875 0.1046875
10 0.82109375 0.734375 0.0671875 0.1046875
9 0.7625 0.73828125 0.065625 0.103125
9 0.7046875 0.7421875 0.065625 0.1046875
17 0.64765625 0.7484375 0.065625 0.1046875
17 0.59140625 0.7546875 0.065625 0.1046875
17 0.534375 0.76015625 0.0640625 0.1046875
17 0.478125 0.765625 0.0609375 0.096875
16 0.421875 0.7703125 0.059375 0.1015625
15 0.36796875 0.7734375 0.0609375 0.0953125
13 0.31484375 0.77890625 0.0578125 0.0984375
14 0.2609375 0.78515625 0.0625 0.096875
15 0.20546875 0.79375 0.0625 0.096875
29 0.15078125 0.80078125 0.05625 0.0984375