38 0.05703125 0.5328125 0.0578125 0.0890625
27 0.1125 0.52734375 0.0546875 0.090625
32 0.16953125 0.52421875 0.053125 0.0828125
32 0.22578125 0.5203125 0.053125 0.0859375
32 0.28125 0.5171875 0.0515625 0.0859375
33 0.3390625 0.51015625 0.053125 0.0828125
33 0.39609375 0.5078125 0.053125 0.0875
33 0.45 0.50234375 0.0515625 0.0859375
33 0.50546875 0.49609375 0.0484375 0.078125
14 0.5609375 0.49375 0.05 0.0796875
14 0.6140625 0.48984375 0.0515625 0.08125
12 0.66953125 0.484375 0.05 0.0796875
12 0.72734375 0.4796875 0.05625 0.084375
12 0.7828125 0.47578125 0.0484375 0.0828125
16 0.8375 0.46875 0.05 0.08125
16 0.89296875 0.46640625 0.053125 0.0859375
16 0.94453125 0.459375 0.05 0.08125