29 0.14296875 0.36484375 0.0609375 0.090625
9 0.1921875 0.3765625 0.0609375 0.09375
10 0.2421875 0.384375 0.05625 0.0875
11 0.29140625 0.3953125 0.059375 0.0890625
15 0.34296875 0.40546875 0.0546875 0.08125
16 0.39375 0.415625 0.0609375 0.0859375
17 0.4453125 0.42421875 0.0578125 0.0859375
12 0.49453125 0.43203125 0.059375 0.0859375
12 0.54609375 0.44296875 0.0609375 0.0875
14 0.596875 0.453125 0.0609375 0.0875
14 0.6484375 0.46171875 0.059375 0.0859375
14 0.70078125 0.47109375 0.065625 0.090625
33 0.75234375 0.48125 0.0625 0.084375
33 0.803125 0.490625 0.065625 0.0890625
33 0.85625 0.50078125 0.0609375 0.0859375