17 0.865625 0.6984375 0.0796875 0.115625
17 0.8046875 0.6828125 0.08125 0.115625
17 0.74375 0.67109375 0.084375 0.11875
16 0.68359375 0.6546875 0.084375 0.11875
15 0.62265625 0.63828125 0.084375 0.11875
14 0.5609375 0.62109375 0.084375 0.11875
13 0.49921875 0.6078125 0.0875 0.121875
12 0.43671875 0.5921875 0.0875 0.121875
14 0.37578125 0.578125 0.0875 0.121875
13 0.3125 0.5625 0.0890625 0.121875
12 0.24921875 0.54609375 0.0890625 0.121875
11 0.18515625 0.5296875 0.090625 0.121875
10 0.12109375 0.515625 0.0875 0.121875
9 0.05625 0.496875 0.0875 0.121875