31 0.82890625 0.43515625 0.05390625 0.0625
31 0.76875 0.4359375 0.04921875 0.06171875
31 0.70859375 0.43515625 0.0515625 0.06953125
10 0.64921875 0.434375 0.053125 0.06875
10 0.590625 0.42734375 0.0453125 0.059375
10 0.5328125 0.42734375 0.046875 0.0640625
16 0.47421875 0.42734375 0.04375 0.0546875
16 0.41953125 0.4265625 0.04765625 0.06171875
16 0.36484375 0.428125 0.04375 0.0625
16 0.31015625 0.42265625 0.04296875 0.05703125
5 0.25859375 0.421875 0.0515625 0.059375
5 0.209375 0.421875 0.04921875 0.059375
5 0.15390625 0.421875 0.0484375 0.06171875
0 0.88984375 0.43515625 0.053125 0.06953125
0 0.95078125 0.43515625 0.05390625 0.0671875