14 0.09375 0.44453125 0.040625 0.078125
11 0.1390625 0.446875 0.040625 0.0828125
9 0.1859375 0.44921875 0.04375 0.078125
16 0.23515625 0.4515625 0.0453125 0.0875
9 0.28828125 0.46015625 0.0484375 0.08125
12 0.3453125 0.4625 0.0546875 0.0921875
12 0.40234375 0.46796875 0.059375 0.0875
11 0.4640625 0.46796875 0.0546875 0.0953125
15 0.52578125 0.47265625 0.0625 0.1015625
15 0.59609375 0.48046875 0.065625 0.1
10 0.66484375 0.48359375 0.06875 0.103125
14 0.7390625 0.48359375 0.075 0.103125
14 0.81875 0.49375 0.0734375 0.10625
15 0.9015625 0.4984375 0.0734375 0.1109375