28 0.1078125 0.6140625 0.0640625 0.0703125
39 0.159375 0.6046875 0.0578125 0.0671875
8 0.20703125 0.59453125 0.05625 0.071875
8 0.25625 0.5875 0.0546875 0.071875
8 0.30390625 0.578125 0.053125 0.075
7 0.35390625 0.565625 0.05625 0.0734375
7 0.4046875 0.5578125 0.0515625 0.0703125
7 0.453125 0.54609375 0.053125 0.071875
7 0.50234375 0.5359375 0.0546875 0.0703125
6 0.55234375 0.52578125 0.0546875 0.065625
6 0.6015625 0.51328125 0.0578125 0.0703125
6 0.6484375 0.50390625 0.0578125 0.0703125
5 0.80078125 0.4734375 0.0609375 0.0703125
5 0.74921875 0.48515625 0.0609375 0.0703125
5 0.69765625 0.4953125 0.059375 0.0734375
11 0.85390625 0.4671875 0.0640625 0.0734375
11 0.909375 0.4578125 0.0671875 0.0765625