28 0.2265625 0.2859375 0.0734375 0.1078125
38 0.1484375 0.27890625 0.075 0.103125
26 0.65859375 0.49375 0.0796875 0.10625
26 0.578125 0.48125 0.078125 0.1046875
22 0.9515625 0.353125 0.0734375 0.0953125
22 0.8796875 0.3484375 0.06875 0.0921875
22 0.80625 0.34140625 0.06875 0.0921875
21 0.734375 0.3359375 0.071875 0.096875
21 0.6609375 0.32890625 0.0703125 0.1046875
21 0.58828125 0.325 0.0734375 0.1046875
21 0.5171875 0.3171875 0.075 0.109375
11 0.5015625 0.47421875 0.0765625 0.1140625
11 0.42265625 0.46640625 0.075 0.1109375
11 0.3421875 0.4578125 0.06875 0.1109375
17 0.44140625 0.3078125 0.0671875 0.1
17 0.36875 0.3 0.0640625 0.1015625
17 0.2953125 0.28984375 0.065625 0.103125