40 0.1421875 0.5 0.0515625 0.075
41 0.19140625 0.50234375 0.046875 0.075
29 0.0953125 0.49453125 0.046875 0.071875
27 0.05 0.490625 0.040625 0.0703125
23 0.23671875 0.5078125 0.040625 0.0671875
23 0.28359375 0.5109375 0.040625 0.0734375
23 0.33125 0.51171875 0.040625 0.0734375
34 0.378125 0.5125 0.040625 0.0640625
34 0.4265625 0.515625 0.0359375 0.0671875
34 0.4734375 0.515625 0.0359375 0.0609375
34 0.5203125 0.5203125 0.0421875 0.0671875
37 0.56953125 0.52265625 0.040625 0.0703125
37 0.61953125 0.5265625 0.046875 0.0765625
37 0.66953125 0.52890625 0.040625 0.0671875
24 0.7203125 0.5296875 0.05 0.0734375
24 0.77109375 0.53359375 0.0546875 0.0703125
26 0.82265625 0.5390625 0.0546875 0.075
26 0.875 0.540625 0.0578125 0.0734375
26 0.928125 0.546875 0.0578125 0.0765625