40 0.14296875 0.51875 0.0484375 0.07265625
41 0.1921875 0.51875 0.04375 0.07265625
29 0.0953125 0.515625 0.04375 0.06953125
27 0.05 0.5140625 0.03828125 0.06796875
23 0.2375 0.521875 0.03671875 0.06640625
23 0.284375 0.521875 0.0375 0.07109375
23 0.33203125 0.5203125 0.03671875 0.07265625
34 0.37890625 0.51875 0.0375 0.0640625
34 0.42734375 0.51953125 0.0328125 0.065625
34 0.47421875 0.5171875 0.03359375 0.0609375
34 0.52109375 0.51953125 0.03828125 0.065625
37 0.5703125 0.51875 0.0375 0.06953125
37 0.62109375 0.5203125 0.04296875 0.075
37 0.67109375 0.5203125 0.0375 0.06640625
24 0.721875 0.51796875 0.04609375 0.07109375
24 0.77265625 0.51953125 0.05234375 0.06796875
26 0.82421875 0.521875 0.0515625 0.07265625
26 0.8765625 0.52109375 0.0546875 0.07109375
26 0.9296875 0.52421875 0.05390625 0.07265625