33 0.7232755515625 0.484196015625 0.745575225 0.443460378125 0.747695428125 0.43427676875000004 0.6848476984375 0.384439428125 0.6585360234375 0.42901316093749997 0.7201103265625 0.48346526562500003 0.7232755515625 0.484196015625
33 0.568663628125 0.12617740625 0.5796493546875 0.0994331 0.5827095578125 0.086177903125 0.526923796875 0.056150754687500005 0.50901351875 0.0950576984375 0.563094315625 0.1248916296875 0.568663628125 0.12617740625
33 0.5214568953125001 0.37987290156250003 0.56287535 0.3596300953125 0.5641020875 0.3543165046875 0.532269059375 0.2869616625 0.48405257500000004 0.3101589546875 0.517504584375 0.3789604390625 0.5214568953125001 0.37987290156250003
31 0.3473294515625 0.1408259921875 0.39478905468750003 0.13609593125 0.39695769531249997 0.1267025125 0.393118725 0.07532925625 0.342040290625 0.0771544046875 0.34606230312499997 0.14053344843749999 0.3473294515625 0.1408259921875
35 0.6385944640625 0.107043009375 0.6643440593750001 0.07987780312500001 0.6649584453124999 0.0772166 0.6249018703125 0.0355009375 0.5957967796875 0.05906795 0.6352662609374999 0.1062746328125 0.6385944640625 0.107043009375
35 0.87753841875 0.5422608078125 0.9145493281249999 0.49644608906250004 0.9162700015624999 0.48899303749999995 0.87733155625 0.4448857609375 0.834717484375 0.49325128124999995 0.8734312546874999 0.5413125937500001 0.87753841875 0.5422608078125
32 0.739568840625 0.41900281093749997 0.7573483453125001 0.3785734765625 0.759704328125 0.368368596875 0.6959111499999999 0.3248679 0.6735552515625 0.3699985046875 0.738021421875 0.4186455609375 0.739568840625 0.41900281093749997
0 0.82381729375 0.3133722859375 0.8714477281249999 0.3219499484375 0.8728549593749999 0.3158545625 0.869673509375 0.268395646875 0.8055614359375 0.2572429734375 0.8049194406250001 0.309009371875 0.82381729375 0.3133722859375
15 0.8386747578125 0.6214864328124999 0.86092921875 0.5619973703125 0.8648027265625 0.5452193656250001 0.8143846 0.5044999296875 0.78385598125 0.5807523125 0.8348705453124999 0.6206081625000001 0.8386747578125 0.6214864328124999
9 0.6638845828125 0.156178896875 0.7024196093749999 0.11638717968750001 0.7028086484375 0.11470206875 0.6700969890625 0.08251221875 0.6297778625 0.1206479484375 0.6632812421875001 0.1560396046875 0.6638845828125 0.156178896875
16 0.73524516875 0.2480229953125 0.7855954515625 0.2492758625 0.787261596875 0.242058996875 0.7816235203125 0.196800425 0.7173370296875 0.19739554374999999 0.722148471875 0.24499938437500002 0.73524516875 0.2480229953125
18 0.450097578125 0.076353875 0.46742852656249995 0.029838473437500002 0.46888882968749995 0.023513203125 0.424608609375 0.005825625 0.40322194062500005 0.0543399921875 0.44190069374999996 0.074461475 0.450097578125 0.076353875
18 0.8707112734375 0.23279340468749998 0.9174884484374999 0.2128231 0.9183008312500001 0.20930427968749998 0.894583025 0.1684492890625 0.8434897609374999 0.1900015 0.8678296421875 0.2321281265625 0.8707112734375 0.23279340468749998
18 0.7391914515625 0.1815828578125 0.765875190625 0.1540988546875 0.7663875859375 0.1518794265625 0.7235495015625 0.10819283125000001 0.694254534375 0.1336099703125 0.7370239984375 0.18108246249999999 0.7391914515625 0.1815828578125
19 0.7523105015625 0.47325966093750005 0.8231194046875 0.4896071828125 0.82600853125 0.47709300312499997 0.8257699703125001 0.43599733125 0.7540753921875 0.41936726718750006 0.7523105015625 0.47325966093750005
20 0.196860065625 0.2680510140625 0.2395941921875 0.2318044296875 0.24003258437500002 0.22990554687500003 0.19234598593750002 0.1798900390625 0.1477361765625 0.2164683578125 0.19534873125000002 0.2677020953125 0.196860065625 0.2680510140625
21 0.5921018 0.4362725671875 0.6375696296875 0.3833913953125 0.6393865 0.3755216640625 0.601572015625 0.334588053125 0.553744615625 0.388209146875 0.5914151828125 0.4361140484375 0.5921018 0.4362725671875
21 0.7806860875 0.13664024375 0.8115342890624999 0.1021926375 0.8120886 0.09979165625 0.7770105968750001 0.0678324265625 0.743042359375 0.10256030468749999 0.7749905640625 0.1353253296875 0.7806860875 0.13664024375
22 0.5775482890625 0.0656881859375 0.6066897015625 0.0448220875 0.60782203125 0.039917428125 0.5642847 0.002174915625 0.5347634625000001 0.02267253125 0.5749763015625 0.0650943953125 0.5775482890625 0.0656881859375
22 0.580606878125 0.1577992109375 0.58127665625 0.15489808124999999 0.5274348953125 0.12146980468749999 0.526583871875 0.1212733296875 0.504276615625 0.15674666406249999 0.5600094453125 0.1931342390625 0.5619658140625 0.1935859015625 0.580606878125 0.1577992109375
23 0.43664750156250004 0.171068290625 0.43987160156250005 0.1718126328125 0.4768080640625 0.1483247125 0.4419334046875 0.09317873125000001 0.40350090937500005 0.1134824390625 0.43664750156250004 0.171068290625
23 0.6643078015625 0.254096215625 0.718873453125 0.25349642031249997 0.7195112796875 0.250733684375 0.7120517703125 0.20467357812500003 0.6491323953125 0.21106255937500001 0.6563421953125 0.252257209375 0.6643078015625 0.254096215625
24 0.6980377703125 0.1095413765625 0.7012516625 0.11028336093749999 0.7379199515625 0.0737535921875 0.7383017374999999 0.072099896875 0.7033562859375 0.039799065625000005 0.66504919375 0.076823528125 0.6647785359375 0.077995878125 0.6980377703125 0.1095413765625
24 0.6292762890625 0.21714375000000002 0.67553196875 0.184228659375 0.6759969765625 0.182214490625 0.6487926171875 0.146358975 0.6002651890624999 0.1771757390625 0.6264179765625 0.21648385625 0.6292762890625 0.21714375000000002
25 0.8819885859375001 0.1471989671875 0.8884668281250001 0.13015088749999998 0.8919771859375001 0.1149458546875 0.8392294296875 0.08217544843749999 0.8246237078125 0.11218881249999998 0.8764624703124999 0.14592316249999998 0.8819885859375001 0.1471989671875
25 0.73765015 0.3380951015625 0.7775307734375 0.3507942046875 0.785772796875 0.3526970265625 0.7870410859375 0.3472034640625 0.79216549375 0.2869141125 0.7453039140625 0.27323735 0.73765015 0.3380951015625
25 0.6771791312500001 0.3099866015625 0.7338575859375001 0.31362020468749996 0.73446405625 0.310993296875 0.7318353671875 0.267281728125 0.6652180578125 0.26401920625 0.6666265499999999 0.30755034531250003 0.6771791312500001 0.3099866015625
25 0.40879593124999997 0.24000745625 0.44420727031249996 0.2068262921875 0.44441318125 0.20593439687499998 0.3981286375 0.15344174531250002 0.3584112015625 0.1844799546875 0.4058024890625 0.239316365625 0.40879593124999997 0.24000745625
26 0.8494669328125 0.17817715625 0.8660178734375 0.1440365234375 0.8660250578124999 0.14400540625 0.8108681078125001 0.1096765 0.7926478140625 0.1435699140625 0.841789425 0.1764046640625 0.8494669328125 0.17817715625
26 0.3053998109375 0.251415784375 0.370412078125 0.22084635156250002 0.37058827499999997 0.22008315781249999 0.3473436671875 0.17699010312500002 0.2812087578125 0.20592433125 0.3042320640625 0.2511461890625 0.3053998109375 0.251415784375
1 0.4022201984375 0.41488534687499995 0.44100691875000003 0.3804455109375 0.4425382375 0.3738126453125 0.39388312187499996 0.31792929375 0.3519160375 0.35175408125 0.3998012640625 0.4143268921875 0.4022201984375 0.41488534687499995
2 0.35870818125000004 0 0.3610570390625 0.03334684375 0.3644688234375 0.034134517187500005 0.40578956718750003 0.032879831250000005 0.40807794687500004 0.022967767187499998 0.406318875 0 0.35870818125000004 0
3 0.8111538109374999 0.366574696875 0.8636854093749999 0.3764101109375 0.8646612125 0.37218344375 0.8621073859375 0.329263675 0.796664728125 0.31573674375 0.7985600515625 0.363667196875 0.8111538109374999 0.366574696875
3 0.3382690796875 0.3472022625 0.39614946875 0.3038522171875 0.39666496875 0.301619340625 0.36243011875 0.2589351359375 0.30361324375 0.3031628234375 0.3342478765625 0.3462738953125 0.3382690796875 0.3472022625
3 0.30696294375 0.1780110546875 0.3503514953125 0.1549272578125 0.35042647968749996 0.15460246718749998 0.31891902031249997 0.1016085609375 0.2734534015625 0.121469725 0.3050810328125 0.17757658125 0.30696294375 0.1780110546875
3 0.44788984374999996 0.3548706078125 0.48553833593749995 0.2986940390625 0.48722264531250004 0.29139849687499997 0.447767028125 0.26275089218750003 0.40626427343750005 0.3183684234375 0.44690288125000005 0.35464275 0.44788984374999996 0.3548706078125
4 0.630879071875 0.1136952953125 0.6319022999999999 0.109263209375 0.592024340625 0.086669846875 0.5907736531250001 0.086381103125 0.5672956515625 0.13683134531250002 0.6078809609375 0.15768184375 0.6112921921875001 0.15846938906250002 0.630879071875 0.1136952953125
5 0.5419185843750001 0.26913764218749997 0.5754508453125 0.2704298578125 0.576212003125 0.2671329234375 0.5700957343749999 0.20165979531249997 0.5223303671874999 0.20225064062500003 0.5257929890625 0.26541475625 0.5419185843750001 0.26913764218749997
5 0.5079613015625 0.0800911671875 0.539204865625 0.038454940625 0.5396156828125 0.036675493749999996 0.5042970609374999 0.009383075000000001 0.46895573749999997 0.049160182812499995 0.5058019859375 0.07959265 0.5079613015625 0.0800911671875
5 0.516534775 0.47655615156250003 0.569104734375 0.4298910421875 0.5701977765625 0.4251565515625 0.5408230453125 0.380617728125 0.482540253125 0.4268558921875 0.512680121875 0.47566623437500005 0.516534775 0.47655615156250003
6 0.31118794843750003 0.2828874875 0.3120986703125 0.27894271875 0.289117821875 0.236431590625 0.28896388125 0.23639605000000002 0.21993820937500003 0.271010490625 0.24345298125 0.320501440625 0.2448089046875 0.32081448125 0.31118794843750003 0.2828874875
6 0.8113923578125 0.2559813578125 0.857179725 0.2587242625 0.8579474156250001 0.2553990296875 0.8495931359375 0.208495975 0.78803291875 0.20460544218750001 0.7939147828124999 0.251946340625 0.8113923578125 0.2559813578125
6 0.79516900625 0.4238211203125 0.8517109578125 0.4352231171875 0.852682821875 0.43101350937499994 0.8501124828125001 0.3813772671875 0.7841929390625 0.3683478 0.7832062125 0.42105929062499997 0.79516900625 0.4238211203125
7 0.48818631874999996 0.2791829734375 0.5160458546875 0.24295696875 0.517711134375 0.23574385000000003 0.4651549828125 0.19401580937500001 0.4342992828125 0.23447550625 0.48760274531250003 0.2790482453125 0.48818631874999996 0.2791829734375
7 0.6277749265625 0.349895946875 0.6681920421875 0.3271566640625 0.6684292046875 0.3261294015625 0.6354072328125 0.2629289203125 0.5944903265625 0.2834125703125 0.6266121953125 0.349627509375 0.6277749265625 0.349895946875
8 0.479076021875 0.14077368125 0.517008228125 0.12070722812500001 0.5178529078125 0.11704852187499999 0.4858745625 0.069464103125 0.4483121921875 0.0882749890625 0.47728293749999995 0.140359715625 0.479076021875 0.14077368125
8 0.7256544984375 0.5745468484375 0.7896807625 0.5510943859374999 0.7909010999999999 0.5458085234375 0.7662978578125 0.48846852656250006 0.70173620625 0.5148435640625 0.72266695 0.57385711875 0.7256544984375 0.5745468484375
8 0.626392240625 0.5275763484375 0.6956624140625001 0.5346293125 0.6968794203125 0.5293578828125 0.693614678125 0.4703093421875 0.6211251625 0.4616214671875 0.6202842734375 0.5261662125 0.626392240625 0.5275763484375
17 0.8454111125000001 0.8836844984375001 0.8954943078125 0.9024054874999999 0.909862025 0.9057225375 0.9133823234375 0.8904744499999999 0.92306384375 0.7945691390625 0.8591200953125 0.7682085796875 0.8454111125000001 0.8836844984375001
17 0.7768004937499999 0.8542818750000001 0.8371391687499999 0.8793115421875 0.8404156390624999 0.880067975 0.8455855250000001 0.857674740625 0.85685658125 0.769760475 0.794424265625 0.742798478125 0.7768004937499999 0.8542818750000001
13 0.7111774890625 0.8204755671875 0.7707396546874999 0.8479460046874999 0.7738976515625 0.8486750859375001 0.777481428125 0.8331520390625 0.7919383171875001 0.73918183125 0.729506 0.7122198328125 0.7111774890625 0.8204755671875
13 0.642272146875 0.7894786140625001 0.70015153125 0.8156134500000001 0.705857209375 0.816930709375 0.7134416921875 0.78407870625 0.7253577609375 0.7082396203125 0.66544945625 0.6833164515625 0.642272146875 0.7894786140625001
13 0.5767437953125001 0.7625361328125 0.627107971875 0.7843176140625 0.6405101890625 0.7874117593750001 0.6474359578125 0.7574129609375 0.6636197359375 0.6819312171874999 0.603711434375 0.6570080468749999 0.5767437953125001 0.7625361328125
11 0.563743596875 0.7536527937499999 0.5739922 0.7560188703125 0.5981864953125 0.651221865625 0.540690690625 0.6273023453125 0.5115864218749999 0.7325849265625 0.563743596875 0.7536527937499999
11 0.49904512968750003 0.7290943750000001 0.509067946875 0.7314083250000001 0.531760434375 0.6472146171875 0.5358807171875 0.6293677093750001 0.47659279374999997 0.6047026343749999 0.44689734843749995 0.70222903125 0.4458899890625 0.7065923859375001 0.49904512968750003 0.7290943750000001
11 0.44340751406249995 0.7034206171874999 0.46770886875000006 0.6259763484375 0.47335525624999997 0.60151915 0.4137646828125 0.5800383203125 0.380957703125 0.678499059375 0.44070084375 0.702795734375 0.44340751406249995 0.7034206171874999
34 0.3770084640625 0.6768659875 0.40762401875 0.5875563421875001 0.41031235156249996 0.5759118875 0.353353621875 0.5528830921875 0.3158583140625 0.653343378125 0.3762513046875 0.676691184375 0.3770084640625 0.6768659875
34 0.347203465625 0.5575363765625 0.34857040625 0.55161550625 0.293202221875 0.5292297796875001 0.290982315625 0.5287172734375 0.2522993109375 0.6223645328125 0.31002191562500003 0.6469685234375 0.31489198281249997 0.6480928671874999 0.347203465625 0.5575363765625
34 0.24869373125 0.6215845953125 0.283755471875 0.5336837515624999 0.28551084375 0.5260803984375 0.22944088906250001 0.5011551375 0.18646940781250002 0.5970248328125 0.2412765765625 0.6198722109375 0.24869373125 0.6215845953125
12 0.1638732078125 0.5875698328125 0.183295715625 0.5920538718749999 0.223667128125 0.5007129828125 0.1665121328125 0.47530537656250005 0.12050392812499999 0.5704739890625 0.1638732078125 0.5875698328125
12 0.10161221875 0.56838495 0.1148658578125 0.57144479375 0.158046259375 0.48083800468750004 0.15870051875 0.478004096875 0.1021200890625 0.452851909375 0.0501363203125 0.54538188125 0.0499008265625 0.546401921875 0.10161221875 0.56838495
12 0 0.5223055343749999 0.033686971875 0.5382707703125 0.0483349046875 0.5416525125 0.092082915625 0.46093459687499994 0.0940734328125 0.45231271562500003 0.0404638140625 0.4249178921875 0 0.49452549531249995 0 0.5223055343749999