38 0.2578125 0.6578125 0.065625 0.090625
30 0.19375 0.67109375 0.075 0.090625
37 0.8203125 0.5546875 0.075 0.0890625
37 0.75703125 0.5671875 0.0734375 0.0875
37 0.6953125 0.58046875 0.071875 0.09375
33 0.63359375 0.59140625 0.0625 0.0828125
33 0.57109375 0.6 0.0609375 0.075
33 0.5078125 0.6078125 0.0578125 0.078125
22 0.7296875 0.70703125 0.0703125 0.0953125
22 0.6578125 0.7203125 0.0671875 0.0859375
22 0.58984375 0.73828125 0.065625 0.09375
24 0.521875 0.7515625 0.0703125 0.1015625
24 0.453125 0.765625 0.0703125 0.1015625
18 0.4453125 0.62109375 0.0625 0.0859375
18 0.38359375 0.6296875 0.0625 0.08125
18 0.3234375 0.64375 0.0625 0.0859375