23 0.96328125 0.78203125 0.04765625 0.09140625
23 0.9015625 0.7828125 0.0546875 0.0875
7 0.8390625 0.7875 0.053125 0.0953125
7 0.77578125 0.78671875 0.0515625 0.09375
7 0.7109375 0.790625 0.04765625 0.09453125
12 0.64609375 0.79453125 0.05234375 0.0921875
12 0.5859375 0.7953125 0.04921875 0.0875
12 0.5234375 0.79765625 0.04921875 0.0921875
32 0.45859375 0.803125 0.05234375 0.0796875
32 0.396875 0.80625 0.05625 0.0859375
32 0.33046875 0.803125 0.0546875 0.0859375
1 0.26640625 0.80234375 0.04453125 0.10078125
1 0.203125 0.80625 0.04765625 0.0984375
1 0.1375 0.80703125 0.04375 0.09765625
28 0.07265625 0.809375 0.05078125 0.09609375