41 0.1140625 0.47109375 0.046875 0.06875
29 0.05703125 0.4703125 0.0390625 0.065625
36 0.9203125 0.465625 0.05 0.05625
36 0.85703125 0.4671875 0.0546875 0.065625
22 0.7953125 0.46796875 0.053125 0.0578125
22 0.73515625 0.46953125 0.0484375 0.0625
16 0.675 0.4671875 0.05625 0.059375
16 0.61171875 0.46796875 0.0484375 0.0609375
6 0.55390625 0.46640625 0.0484375 0.0578125
6 0.496875 0.46875 0.04375 0.0625
4 0.44140625 0.47109375 0.04375 0.0640625
4 0.3875 0.46953125 0.05 0.0578125
21 0.32890625 0.46953125 0.0453125 0.0546875
21 0.27421875 0.46875 0.04375 0.05625
3 0.21953125 0.47109375 0.040625 0.059375
3 0.16484375 0.46875 0.0453125 0.059375