38 0.115625 0.66015625 0.065625 0.0765625
27 0.06484375 0.6671875 0.0546875 0.0734375
6 0.165625 0.6546875 0.053125 0.0765625
6 0.2125 0.64765625 0.0546875 0.0765625
6 0.26171875 0.6375 0.053125 0.0796875
37 0.309375 0.63359375 0.05625 0.075
37 0.3609375 0.628125 0.05625 0.078125
37 0.4125 0.61875 0.0578125 0.0796875
37 0.46640625 0.6125 0.05625 0.0765625
24 0.52265625 0.60390625 0.0546875 0.075
24 0.5796875 0.59609375 0.0609375 0.0859375
24 0.63671875 0.58984375 0.0609375 0.0859375
12 0.696875 0.58203125 0.059375 0.0859375
12 0.75625 0.57578125 0.065625 0.0859375
32 0.8171875 0.56328125 0.0625 0.0828125
32 0.88125 0.55546875 0.0625 0.0859375
32 0.953125 0.55 0.06875 0.0921875