29 0.06875 0.6484375 0.04453125 0.075
17 0.9375 0.63359375 0.05390625 0.07890625
17 0.87421875 0.63046875 0.05625 0.0765625
16 0.80703125 0.63515625 0.0578125 0.08125
15 0.74609375 0.6375 0.0484375 0.08359375
15 0.6234375 0.63671875 0.05625 0.08046875
14 0.6875 0.634375 0.05078125 0.07890625
14 0.56328125 0.6375 0.0484375 0.07734375
14 0.44140625 0.6375 0.04765625 0.075
13 0.50234375 0.63984375 0.0515625 0.07890625
13 0.37890625 0.640625 0.0484375 0.07890625
12 0.31640625 0.64453125 0.05078125 0.07890625
34 0.25390625 0.64609375 0.0421875 0.06875
34 0.190625 0.64453125 0.0453125 0.071875
34 0.1328125 0.6484375 0.0421875 0.0796875