32 0.95859375 0.52109375 0.0671875 0.1171875
32 0.890625 0.5265625 0.0703125 0.1171875
37 0.82265625 0.53125 0.06875 0.1171875
34 0.75234375 0.5375 0.0734375 0.1140625
33 0.68046875 0.54296875 0.071875 0.1140625
36 0.61171875 0.54765625 0.0671875 0.1125
35 0.5421875 0.553125 0.0671875 0.115625
31 0.47265625 0.5578125 0.0703125 0.115625
8 0.40234375 0.56328125 0.0703125 0.1171875
0 0.33046875 0.56953125 0.06875 0.1140625
26 0.2578125 0.5734375 0.0734375 0.115625
18 0.18359375 0.57890625 0.0671875 0.1125
17 0.115625 0.58203125 0.0671875 0.1140625
9 0.04375 0.5890625 0.071875 0.115625