31 0.1015625 0.67890625 0.0640625 0.096875
31 0.1640625 0.68125 0.0578125 0.096875
31 0.2296875 0.6859375 0.0609375 0.103125
24 0.29296875 0.6890625 0.0625 0.1046875
24 0.35390625 0.6890625 0.0609375 0.1
24 0.415625 0.69453125 0.0609375 0.1015625
24 0.47578125 0.69296875 0.05625 0.0953125
23 0.53828125 0.703125 0.0578125 0.1
23 0.59765625 0.70703125 0.0546875 0.09375
23 0.65703125 0.70625 0.0578125 0.1
21 0.7203125 0.7125 0.059375 0.0921875
21 0.778125 0.715625 0.059375 0.0921875
25 0.8359375 0.715625 0.0578125 0.0953125
25 0.8953125 0.71875 0.0546875 0.0921875