14 0.19609375 0.43828125 0.0453125 0.078125
14 0.246875 0.44140625 0.0484375 0.075
14 0.3 0.4453125 0.046875 0.084375
10 0.35390625 0.44375 0.05 0.0828125
10 0.409375 0.44609375 0.046875 0.0765625
10 0.459375 0.44921875 0.0453125 0.0765625
11 0.51015625 0.453125 0.0484375 0.0796875
12 0.56015625 0.45390625 0.0484375 0.075
13 0.61328125 0.45546875 0.05 0.0765625
16 0.6671875 0.4578125 0.0484375 0.0796875
16 0.72109375 0.4609375 0.0484375 0.078125
31 0.77265625 0.4609375 0.046875 0.06875
31 0.82578125 0.46328125 0.05 0.075
31 0.878125 0.46171875 0.0453125 0.0734375
29 0.0296875 0.434375 0.053125 0.0875