30 0.06953125 0.56796875 0.0546875 0.0828125
28 0.12578125 0.5703125 0.04375 0.071875
39 0.171875 0.57421875 0.04375 0.0734375
38 0.21953125 0.5734375 0.05 0.0734375
14 0.265625 0.57890625 0.040625 0.06875
14 0.3125 0.58203125 0.04375 0.0703125
14 0.36015625 0.5828125 0.0453125 0.06875
14 0.40625 0.584375 0.04375 0.06875
35 0.58671875 0.590625 0.0453125 0.0703125
35 0.634375 0.5921875 0.046875 0.06875
35 0.68046875 0.59375 0.0421875 0.065625
21 0.53984375 0.590625 0.0421875 0.0625
21 0.496875 0.5890625 0.0375 0.0640625
21 0.45 0.584375 0.040625 0.0609375
26 0.725 0.59453125 0.046875 0.0671875
26 0.771875 0.596875 0.04375 0.06875
34 0.81796875 0.6 0.0390625 0.065625
34 0.86171875 0.6 0.0421875 0.0671875
34 0.90703125 0.6015625 0.0390625 0.0640625