34 0.91875 0.41171875 0.0625 0.084375
34 0.8484375 0.43046875 0.075 0.0890625
33 0.77890625 0.44609375 0.075 0.084375
33 0.70859375 0.465625 0.0734375 0.0875
33 0.640625 0.48125 0.0734375 0.084375
7 0.5765625 0.4953125 0.071875 0.0921875
7 0.5109375 0.509375 0.071875 0.0859375
7 0.44375 0.52421875 0.0734375 0.0890625
23 0.3828125 0.5390625 0.0671875 0.084375
23 0.321875 0.55390625 0.0703125 0.0828125
23 0.2578125 0.5703125 0.075 0.0890625
32 0.19296875 0.5859375 0.0640625 0.071875
32 0.12890625 0.5984375 0.0671875 0.078125
32 0.0671875 0.61171875 0.0734375 0.0875