27 0.0328125 0.5109375 0.065625 0.090625
26 0.09140625 0.525 0.071875 0.0875
26 0.15625 0.53515625 0.065625 0.0890625
26 0.21640625 0.54453125 0.0625 0.0875
18 0.275 0.5609375 0.059375 0.0859375
18 0.33515625 0.57265625 0.0625 0.084375
18 0.3921875 0.58515625 0.0578125 0.08125
25 0.4484375 0.59765625 0.05625 0.084375
24 0.50625 0.6078125 0.059375 0.084375
23 0.55546875 0.615625 0.05625 0.084375
19 0.615625 0.63203125 0.0515625 0.0765625
19 0.66171875 0.6375 0.0546875 0.0828125
23 0.721875 0.65 0.0609375 0.08125
22 0.76875 0.6609375 0.059375 0.0796875
21 0.82890625 0.67734375 0.059375 0.0796875