40 0.7 0.85078125 0.0578125 0.0890625
38 0.659375 0.84140625 0.0546875 0.084375
27 0.61640625 0.83984375 0.0578125 0.0859375
14 0.575 0.82890625 0.0546875 0.0859375
13 0.53515625 0.809375 0.053125 0.084375
12 0.49375 0.8015625 0.053125 0.084375
11 0.4546875 0.7875 0.0578125 0.0875
10 0.40859375 0.78515625 0.0515625 0.0828125
9 0.3671875 0.7765625 0.0546875 0.0890625
17 0.321875 0.7734375 0.0515625 0.0875
17 0.27578125 0.78515625 0.0515625 0.084375
15 0.234375 0.7671875 0.0515625 0.0859375
12 0.1890625 0.76640625 0.05 0.0828125
17 0.1390625 0.7734375 0.0515625 0.090625
16 0.09765625 0.7609375 0.053125 0.090625
15 0.0515625 0.74921875 0.0546875 0.0875