37 0.8734375 0.51015625 0.0609375 0.0703125
37 0.81640625 0.515625 0.04921875 0.065625
37 0.75703125 0.515625 0.05390625 0.07421875
8 0.70078125 0.5203125 0.0546875 0.07421875
8 0.64375 0.5234375 0.05234375 0.0734375
5 0.5890625 0.53203125 0.05234375 0.075
4 0.53046875 0.53203125 0.05234375 0.075
3 0.47265625 0.5375 0.04921875 0.078125
3 0.4140625 0.53828125 0.05625 0.07734375
2 0.353125 0.53828125 0.05078125 0.071875
1 0.29453125 0.54296875 0.04375 0.075
2 0.2328125 0.5453125 0.04375 0.07890625
1 0.1734375 0.55234375 0.0453125 0.07890625
0 0.1125 0.5515625 0.0484375 0.07421875