21 0.9359375 0.4578125 0.071875 0.0890625
20 0.865625 0.465625 0.075 0.0953125
19 0.8046875 0.48515625 0.071875 0.0953125
21 0.73515625 0.49375 0.06875 0.096875
20 0.6734375 0.509375 0.0734375 0.09375
19 0.60703125 0.525 0.06875 0.096875
24 0.54375 0.5390625 0.0703125 0.0984375
25 0.48359375 0.5546875 0.065625 0.096875
26 0.415625 0.56875 0.0703125 0.0953125
31 0.35 0.58359375 0.071875 0.0984375
31 0.28359375 0.59765625 0.0703125 0.0953125
34 0.21875 0.61328125 0.0640625 0.0953125
34 0.15 0.628125 0.0640625 0.096875
34 0.0828125 0.63984375 0.0625 0.0984375