11 0.88203125 0.54453125 0.06875 0.1328125
11 0.8265625 0.534375 0.0671875 0.1359375
12 0.77265625 0.5234375 0.06875 0.1359375
13 0.71875 0.515625 0.0703125 0.1359375
14 0.66640625 0.50625 0.071875 0.1359375
15 0.6140625 0.4953125 0.071875 0.1328125
16 0.5640625 0.48515625 0.0703125 0.1359375
17 0.5109375 0.47734375 0.0703125 0.1359375
32 0.46015625 0.46796875 0.071875 0.134375
32 0.41171875 0.4578125 0.0671875 0.1328125
32 0.36171875 0.44765625 0.0703125 0.13125
35 0.3109375 0.4375 0.0671875 0.1296875
35 0.26171875 0.428125 0.065625 0.1328125
35 0.21171875 0.41953125 0.0671875 0.1328125
29 0.1625 0.4109375 0.0625 0.128125
41 0.11484375 0.4015625 0.0671875 0.1296875
40 0.0703125 0.39140625 0.0609375 0.128125