17 0.9421875 0.4265625 0.0734375 0.0796875
16 0.87265625 0.4125 0.071875 0.0828125
16 0.80703125 0.40625 0.0671875 0.08125
15 0.7421875 0.4 0.0640625 0.0796875
15 0.6765625 0.39140625 0.059375 0.0828125
15 0.6125 0.3828125 0.059375 0.0828125
14 0.54921875 0.3765625 0.0609375 0.0796875
14 0.48359375 0.36796875 0.05625 0.08125
13 0.42265625 0.3609375 0.05625 0.08125
13 0.36015625 0.3515625 0.0578125 0.08125
12 0.29609375 0.34453125 0.0625 0.084375
12 0.2296875 0.33359375 0.0578125 0.08125
11 0.1703125 0.325 0.05625 0.078125
10 0.10625 0.3171875 0.0578125 0.08125