0 0.1734375 0.37421875 0.0515625 0.065625
0 0.22265625 0.38203125 0.053125 0.06875
0 0.2765625 0.390625 0.05 0.0671875
7 0.33046875 0.3984375 0.053125 0.0703125
7 0.384375 0.409375 0.0546875 0.071875
7 0.4390625 0.4171875 0.0484375 0.0671875
8 0.49375 0.42578125 0.0515625 0.06875
8 0.55390625 0.43671875 0.0546875 0.071875
11 0.61015625 0.44375 0.053125 0.071875
11 0.671875 0.45078125 0.0546875 0.075
11 0.73203125 0.46015625 0.0546875 0.078125
17 0.79453125 0.46875 0.05625 0.075
17 0.86015625 0.4796875 0.0546875 0.075
17 0.92421875 0.4921875 0.05625 0.0734375
29 0.11147564375 0.334240696875 0.11159764375 0.333372625 0.069799978125 0.32485000625 0.0349183921875 0.3778342421875 0.0804447234375 0.38423255 0.11147564375 0.334240696875
40 0.13073818125 0.392878690625 0.15852767343750002 0.3474859171875 0.159214734375 0.342597215625 0.11699580624999999 0.33348963593750003 0.0836634546875 0.3861034125 0.08669669375 0.3866890625 0.13073818125 0.392878690625
1 0.268124646875 0.1290142171875 0.26858065625 0.1257695390625 0.2237232 0.11963020937499999 0.21061459999999999 0.1390248515625 0.2580051625 0.1456851609375 0.268124646875 0.1290142171875
18 0.6531063578125 0.129121309375 0.65380429375 0.1241552421875 0.61750574375 0.10251819531249999 0.595161553125 0.1227135328125 0.6346208078125 0.14653139531249998 0.6531063578125 0.129121309375
21 0.6205878921875 0.10039365 0.6414756328125 0.08838093281250001 0.642016815625 0.084530221875 0.612371478125 0.064040959375 0.5871206046874999 0.0807957640625 0.6191480109375 0.10019128749999999 0.6205878921875 0.10039365
21 0.71379511875 0.1797630046875 0.741576803125 0.1620159078125 0.7416700328125 0.1613525421875 0.710668490625 0.1341684296875 0.6799516640625 0.1483938640625 0.7105104078125 0.17930136875 0.71379511875 0.1797630046875
21 0.8465566062500001 0.0911272359375 0.8821474984375 0.071192534375 0.8823518937499999 0.0697381875 0.8562239328125001 0.054209534375 0.8183129515625 0.0703658671875 0.84439646875 0.0908236484375 0.8465566062500001 0.0911272359375
24 0.81934023125 0.1456828796875 0.8377637046874999 0.128778040625 0.8380433328124999 0.1267883796875 0.7930983109375 0.10254392812499999 0.7751297484374999 0.12193827500000001 0.8120562250000001 0.1446591796875 0.81934023125 0.1456828796875
22 0.7588249265625 0.107198753125 0.7846960546874999 0.09097403125 0.7847876687500001 0.0903221671875 0.74685655625 0.0640805859375 0.719734759375 0.0832192203125 0.7529011437500001 0.10636622031250001 0.7588249265625 0.107198753125
23 0.678851659375 0.0691356984375 0.6984232515625 0.06489645000000001 0.698941196875 0.061211075000000004 0.681561821875 0.0356725453125 0.6497802765625 0.0442796875 0.668815675 0.06772523281250001 0.678851659375 0.0691356984375
34 0.76657101875 0.06095172812500001 0.7692693328125 0.0613309515625 0.780235828125 0.044121010937499996 0.78078013125 0.0402480890625 0.7380636921875 0.028543884375000002 0.7357506578125 0.028218807812500003 0.7277564859375001 0.043456646875 0.76657101875 0.06095172812500001
14 0.7496609875 0.15009080156250001 0.7724299328125 0.133343925 0.7729551 0.1296071640625 0.735466390625 0.1082008390625 0.7118443921875001 0.12290804375 0.74457469375 0.1493759703125 0.7496609875 0.15009080156250001
15 0.6904225765625001 0.1275646859375 0.7094523406250001 0.1099176875 0.710265559375 0.104131340625 0.6760115859375 0.0799170796875 0.650054653125 0.0999098859375 0.68997295 0.1275014953125 0.6904225765625001 0.1275646859375
1 0.8138388765625001 0.063244496875 0.8142496984375001 0.06032134375 0.7812686078125 0.047238782812500005 0.7801076921875 0.0470756265625 0.7648603546875 0.07582962343750001 0.801230784375 0.0894906734375 0.803571275 0.08981960781250001 0.8138388765625001 0.063244496875