3 0.8984375 0.55546875 0.0578125 0.0625
5 0.83984375 0.5515625 0.0625 0.071875
13 0.7734375 0.54375 0.0515625 0.078125
11 0.71015625 0.53671875 0.0515625 0.0765625
33 0.646875 0.53046875 0.0453125 0.06875
36 0.57734375 0.51875 0.0484375 0.0703125
35 0.509375 0.5125 0.05 0.071875
31 0.44140625 0.50390625 0.0546875 0.0734375
35 0.37265625 0.49765625 0.0640625 0.078125
33 0.3015625 0.4875 0.059375 0.071875
37 0.23046875 0.4828125 0.06875 0.084375
37 0.16015625 0.475 0.0703125 0.08125
32 0.090625 0.46796875 0.0546875 0.0671875