27 0.17109375 0.5203125 0.0703125 0.121875
9 0.38046875 0.365625 0.071875 0.1171875
9 0.4515625 0.3703125 0.071875 0.1171875
14 0.5203125 0.37578125 0.0703125 0.1109375
15 0.5890625 0.3828125 0.0671875 0.1125
16 0.6578125 0.3890625 0.0703125 0.1140625
16 0.246875 0.5265625 0.0671875 0.1140625
16 0.32265625 0.53046875 0.0703125 0.1171875
16 0.396875 0.5359375 0.0671875 0.1125
31 0.47265625 0.5390625 0.065625 0.10625
31 0.54453125 0.54140625 0.065625 0.1078125
31 0.61484375 0.5453125 0.06875 0.109375
13 0.690625 0.55390625 0.0671875 0.109375
13 0.7640625 0.56015625 0.071875 0.1125
13 0.8390625 0.56328125 0.0734375 0.1140625