39 0.11875 0.58515625 0.0640625 0.0984375
35 0.178125 0.575 0.059375 0.090625
35 0.23671875 0.565625 0.0578125 0.09375
35 0.29453125 0.55625 0.0578125 0.090625
36 0.35390625 0.54375 0.059375 0.090625
36 0.41328125 0.534375 0.0546875 0.084375
10 0.4703125 0.52421875 0.059375 0.0921875
11 0.52734375 0.5140625 0.0625 0.0890625
12 0.58515625 0.50625 0.0625 0.09375
13 0.64296875 0.49453125 0.065625 0.090625
14 0.70078125 0.4859375 0.0625 0.090625
15 0.759375 0.475 0.0609375 0.090625
15 0.815625 0.46484375 0.0578125 0.0859375
16 0.8734375 0.45390625 0.0609375 0.0875
17 0.93046875 0.44609375 0.0640625 0.0890625