32 0.94453125 0.4671875 0.075 0.1171875
32 0.87734375 0.47421875 0.06875 0.10625
25 0.809375 0.484375 0.065625 0.1078125
24 0.74375 0.49296875 0.0734375 0.115625
23 0.67734375 0.50546875 0.0734375 0.1125
22 0.40625 0.5421875 0.0796875 0.1125
21 0.334375 0.5515625 0.0734375 0.1140625
20 0.26328125 0.5625 0.0796875 0.1125
6 0.60859375 0.5140625 0.075 0.115625
6 0.19140625 0.575 0.0765625 0.1140625
5 0.5421875 0.52265625 0.071875 0.1125
5 0.1203125 0.5828125 0.0765625 0.1171875
4 0.4734375 0.5328125 0.0765625 0.1171875
4 0.04765625 0.59296875 0.075 0.1234375