12 0.8546875 0.496875 0.0703125 0.0921875
10 0.8 0.5125 0.06875 0.090625
16 0.74609375 0.52890625 0.06875 0.09375
16 0.6921875 0.53984375 0.06875 0.0921875
17 0.63671875 0.55703125 0.0734375 0.0984375
17 0.58125 0.5703125 0.0671875 0.09375
17 0.52578125 0.5828125 0.0703125 0.0921875
36 0.47109375 0.60078125 0.06875 0.0953125
36 0.41328125 0.6171875 0.06875 0.0921875
36 0.35390625 0.63046875 0.0640625 0.09375
13 0.29609375 0.6515625 0.0671875 0.09375
13 0.2359375 0.665625 0.06875 0.0921875
13 0.178125 0.68046875 0.071875 0.103125
38 0.11875 0.696875 0.0703125 0.1015625