41 0.0759585609375 0.4451986984375 0.053356048437500005 0.5138581906249999 0.12790085 0.5033816015625 0.14445696875 0.4401255671875 0.143516396875 0.43343304531250004 0.0759585609375 0.4451986984375
26 0.2936951375 0.41391102812499997 0.2853930859375 0.4828253671875 0.366644403125 0.4714062390625 0.366919103125 0.4175612046875 0.36486865 0.402971475 0.2936951375 0.41391102812499997
25 0.29231605 0.414403115625 0.22156907499999998 0.42572818124999995 0.208967640625 0.4940077546875 0.25475028593750004 0.48870978750000005 0.285113240625 0.48444255312499995 0.29251639687500003 0.41582865468749997 0.29231605 0.414403115625
24 0.148028346875 0.4375338046875 0.1293656265625 0.5063314515624999 0.20857100312500002 0.4951998625 0.2202659328125 0.4294101046875 0.21988330312499998 0.426687559375 0.148028346875 0.4375338046875
23 0.28381079531250003 0.48567955781250005 0.27741968125 0.5675723015624999 0.36005252187500003 0.5559590140624999 0.35882683125 0.49470600625000005 0.356154409375 0.4756907390625 0.28381079531250003 0.48567955781250005
23 0.281812334375 0.48561663125 0.20478810625000002 0.4972114796875 0.1908544234375 0.5828939671875 0.23947888125 0.5760602453125 0.27589710156249997 0.5696699609375 0.2828260828125 0.492829825 0.281812334375 0.48561663125
23 0.2015874453125 0.498592228125 0.12515573124999999 0.5086646015625 0.1025380171875 0.5966525390624999 0.1378786109375 0.5919170874999999 0.18920350625 0.5847038437500001 0.202426375 0.5045615203125 0.2015874453125 0.498592228125
20 0.27225979843750003 0.5704705671875 0.26565945156250004 0.665474284375 0.359404403125 0.6522992921874999 0.357990340625 0.5673432468749999 0.356645428125 0.5577736953125 0.27225979843750003 0.5704705671875
20 0.186030590625 0.5872761203125 0.1721594578125 0.6817705640625 0.2656253546875 0.6686347875 0.27289491093749996 0.57934423125 0.2720189703125 0.5731115875 0.186030590625 0.5872761203125
20 0.0999031515625 0.5977992375000001 0.07771740625 0.695043528125 0.170261496875 0.6820373046875 0.1833182296875 0.593140521875 0.1827007390625 0.5887468499999999 0.0999031515625 0.5977992375000001
32 0.969054590625 0.4693890859375 0.9228046843750001 0.3968302 0.84062451875 0.409451503125 0.8786762390625 0.4862269140625 0.96962460625 0.47344495468750003 0.969054590625 0.4693890859375
32 0.8401800328125001 0.4083876234375 0.7549960234374999 0.42019321249999997 0.7876369640625 0.5020625453124999 0.8785336453125 0.4876936140625 0.878106146875 0.48465179843749995 0.8401800328125001 0.4083876234375
32 0.7876623203124999 0.503505059375 0.7874727890625 0.5021564765625001 0.755369178125 0.42335849999999997 0.6739048828125 0.4350625359375 0.6740151156249999 0.4358468875 0.695488559375 0.51670583125 0.7639157156249999 0.5070890218749999 0.7876623203124999 0.503505059375
22 0.6892333125000001 0.4992218859375 0.6724512687499999 0.43862025937500004 0.591304603125 0.4498465796875 0.6058039765625 0.5293101765625 0.6917640859375 0.517229271875 0.6892333125000001 0.4992218859375
22 0.5911212390625 0.45228570156250003 0.50865590625 0.462908046875 0.5187812625 0.54617546875 0.5304533375 0.5446335859375 0.602673415625 0.534483715625 0.5911212390625 0.45228570156250003