26 0.90078125 0.56171875 0.06875 0.1078125
25 0.840625 0.56875 0.065625 0.109375
24 0.77890625 0.57421875 0.06875 0.109375
23 0.7171875 0.58203125 0.0703125 0.109375
23 0.6546875 0.590625 0.071875 0.109375
23 0.59140625 0.59765625 0.0734375 0.109375
21 0.52890625 0.603125 0.0734375 0.109375
21 0.4671875 0.6109375 0.0734375 0.1125
22 0.40390625 0.61953125 0.075 0.1125
21 0.3390625 0.6265625 0.075 0.1125
20 0.27421875 0.63515625 0.078125 0.115625
18 0.20859375 0.64296875 0.075 0.1140625
18 0.1453125 0.65 0.078125 0.115625
18 0.08125 0.65625 0.075 0.1140625