36 0.43203125 0.61640625 0.0484375 0.0640625
36 0.3671875 0.6078125 0.046875 0.0625
21 0.303125 0.60390625 0.0515625 0.06875
21 0.23671875 0.59765625 0.05 0.065625
21 0.17421875 0.59140625 0.0484375 0.06875
13 0.8453125 0.55078125 0.0625 0.0703125
13 0.7859375 0.54375 0.05625 0.06875
13 0.72578125 0.53828125 0.0578125 0.0703125
6 0.66796875 0.53203125 0.0578125 0.06875
6 0.60859375 0.5265625 0.053125 0.06875
6 0.55078125 0.51953125 0.053125 0.071875
0 0.49296875 0.51640625 0.05 0.0625
0 0.43828125 0.51015625 0.05 0.065625
0 0.378125 0.503125 0.053125 0.065625
41 0.32109375 0.4984375 0.0578125 0.0703125