39 0.0890625 0.653125 0.053125 0.0984375
1 0.1515625 0.64765625 0.053125 0.0921875
1 0.21171875 0.64453125 0.0546875 0.0953125
1 0.27109375 0.63828125 0.0515625 0.09375
2 0.33046875 0.63515625 0.0546875 0.096875
4 0.38984375 0.63359375 0.05 0.0921875
3 0.4484375 0.6328125 0.053125 0.0921875
8 0.5046875 0.628125 0.053125 0.0921875
7 0.56328125 0.6234375 0.05625 0.09375
6 0.6203125 0.62109375 0.0546875 0.0921875
7 0.67734375 0.6171875 0.05625 0.0890625
6 0.73359375 0.61484375 0.05625 0.090625
5 0.79296875 0.6125 0.053125 0.090625
0 0.84921875 0.60703125 0.05 0.0859375
0 0.90859375 0.60546875 0.05625 0.090625