26 0.859375 0.69375 0.078125 0.1140625
25 0.8 0.678125 0.0796875 0.1140625
24 0.73828125 0.66484375 0.0796875 0.1140625
23 0.67734375 0.65078125 0.0828125 0.1140625
23 0.615625 0.6359375 0.0828125 0.1171875
22 0.553125 0.6203125 0.084375 0.11875
21 0.49140625 0.6046875 0.084375 0.1203125
20 0.42734375 0.590625 0.0859375 0.1203125
20 0.36484375 0.57578125 0.0875 0.1203125
20 0.3 0.5609375 0.0859375 0.121875
20 0.234375 0.54765625 0.0890625 0.125
18 0.16796875 0.53046875 0.090625 0.121875
18 0.10390625 0.51484375 0.0890625 0.1234375
18 0.04140625 0.4984375 0.0828125 0.121875