7 0.77578125 0.63671875 0.09375 0.15
7 0.69140625 0.628125 0.09375 0.15
7 0.60703125 0.61796875 0.0953125 0.1515625
6 0.52265625 0.609375 0.0953125 0.1515625
5 0.43828125 0.59921875 0.096875 0.1515625
5 0.35390625 0.59140625 0.0984375 0.1515625
4 0.2671875 0.5828125 0.1015625 0.153125
3 0.1796875 0.57421875 0.1046875 0.153125
3 0.70234375 0.48203125 0.0953125 0.1515625
2 0.61875 0.471875 0.0953125 0.1484375
1 0.534375 0.4625 0.0953125 0.1484375
2 0.45234375 0.4546875 0.0953125 0.1484375
1 0.3671875 0.44609375 0.0984375 0.15
0 0.28203125 0.4328125 0.0984375 0.1484375