35 0.8785356203125 0.620144871875 0.9297367796874999 0.63006569375 0.9303172046875 0.6277377359375 0.9134387921875 0.553975984375 0.86075330625 0.5415277296875 0.87404565 0.6190253953125 0.8785356203125 0.620144871875
35 0.8138636343749999 0.60241 0.8688034625000001 0.6161080375 0.870226575 0.61040024375 0.8596444062499999 0.5404922 0.8066456984375 0.5279416125 0.8138636343749999 0.60241
4 0.7591322828125 0.5935949421875 0.81094665625 0.6027285640625 0.8123098453125 0.5972611062500001 0.8046479 0.5279806125000001 0.7498308640625 0.5162490890625 0.755122009375 0.59259506875 0.7591322828125 0.5935949421875
4 0.701591871875 0.5792485078125 0.751575753125 0.5889631 0.75317476875 0.5825498015624999 0.7497105828125 0.51406979375 0.696717121875 0.5027929343750001 0.6962611062499999 0.5779193984375001 0.701591871875 0.5792485078125
4 0.6373296093749999 0.564836459375 0.67154395 0.5733670531249999 0.6946125624999999 0.578458225 0.6954132421875 0.5752468703125 0.6955969296875 0.504150459375 0.638839275 0.49213524687500004 0.6385845609375 0.493156853125 0.6373296093749999 0.564836459375
6 0.5875101609375 0.547584075 0.6323503296874999 0.5569131656249999 0.6353180984375 0.5450100953125 0.637347475 0.48352301718749996 0.5823803843750001 0.47239332031250003 0.5738326859375 0.5441738968750001 0.5875101609375 0.547584075
6 0.515771915625 0.52003571875 0.5750564984375 0.534817025 0.575530471875 0.5329160203125001 0.58262209375 0.463409203125 0.528558903125 0.45056897500000004 0.515771915625 0.52003571875
6 0.45716153750000005 0.5102535109375 0.51327900625 0.5242451671875 0.5169467703125 0.509534571875 0.5263678984375 0.4539246078125 0.47230470625 0.44108438281250006 0.45716153750000005 0.5102535109375
34 0.3942009046875 0.496165996875 0.4537736078125 0.5110191390625001 0.46389569062499997 0.47042168125000006 0.4703459578125 0.4418973890625 0.413141515625 0.42741356093749994 0.3942009046875 0.496165996875
34 0.3923228765625 0.4926780203125 0.40884283593750004 0.42642008281250005 0.3535986375 0.41243257499999997 0.33244733593750003 0.47915876874999996 0.39195274375 0.49399513281249996 0.3923228765625 0.4926780203125
34 0.35159239531250003 0.4170673015625 0.352346953125 0.414040934375 0.294985359375 0.39983558750000003 0.2676429484375 0.470757196875 0.3282668421875 0.48501203125 0.35159239531250003 0.4170673015625
33 0.2892569109375 0.40873343125000006 0.292845184375 0.3943416515625 0.23731621406249997 0.3803440578125 0.2071271515625 0.44630260312500003 0.26889710624999996 0.4617035828125 0.2892569109375 0.40873343125000006
33 0.23958837968750002 0.3754299703125 0.24055255312499998 0.371562878125 0.18181560937500002 0.3586263609375 0.1466446953125 0.4215606296875 0.2091910796875 0.43715519531249997 0.23958837968750002 0.3754299703125
33 0.175980415625 0.3657410421875 0.1769661421875 0.36178750625 0.11769159375 0.3476391890625 0.07754673437500001 0.41398730468749995 0.14076176406250002 0.427806625 0.175980415625 0.3657410421875