25 0.93125 0.67890625 0.06015625 0.109375
24 0.8625 0.67890625 0.06484375 0.11015625
23 0.79140625 0.66796875 0.0625 0.1125
34 0.72109375 0.66953125 0.0640625 0.1140625
34 0.6515625 0.67265625 0.06484375 0.11171875
34 0.584375 0.671875 0.06640625 0.11015625
26 0.51640625 0.6671875 0.0640625 0.1109375
25 0.45078125 0.6671875 0.0640625 0.11015625
24 0.38359375 0.6640625 0.06484375 0.11171875
21 0.31640625 0.66328125 0.06640625 0.11171875
21 0.25078125 0.6609375 0.06484375 0.10703125
20 0.18359375 0.66015625 0.06640625 0.10703125
19 0.1171875 0.65859375 0.06640625 0.11015625
18 0.05078125 0.65703125 0.05703125 0.11171875