14 0.94296875 0.503125 0.046875 0.0703125
14 0.87578125 0.50625 0.04375 0.071875
16 0.8109375 0.509375 0.0421875 0.071875
12 0.74453125 0.51328125 0.04375 0.065625
12 0.6703125 0.5171875 0.0453125 0.0765625
10 0.6140625 0.5203125 0.0453125 0.0765625
16 0.559375 0.52421875 0.04375 0.071875
15 0.4921875 0.5265625 0.04375 0.0703125
10 0.4328125 0.52890625 0.040625 0.0703125
9 0.36171875 0.53359375 0.0421875 0.0671875
14 0.29140625 0.5359375 0.046875 0.0734375
9 0.21640625 0.54296875 0.04375 0.0765625
13 0.14453125 0.5421875 0.0390625 0.0703125
16 0.06171875 0.546875 0.0390625 0.071875