27 0.1171875 0.640625 0.05625 0.0875
38 0.059375 0.64140625 0.053125 0.0859375
4 0.171875 0.6359375 0.0484375 0.0828125
5 0.2265625 0.640625 0.0484375 0.084375
6 0.284375 0.6390625 0.0453125 0.090625
33 0.3421875 0.63671875 0.0484375 0.0890625
33 0.39765625 0.63828125 0.0484375 0.090625
33 0.45703125 0.6359375 0.0546875 0.09375
1 0.51484375 0.6375 0.0578125 0.0921875
2 0.571875 0.6375 0.05 0.0921875
3 0.6265625 0.6328125 0.04375 0.0859375
0 0.68828125 0.63359375 0.0484375 0.0828125
0 0.7484375 0.63125 0.053125 0.084375
32 0.80703125 0.63203125 0.053125 0.08125
32 0.86796875 0.6328125 0.053125 0.0828125
32 0.93359375 0.63671875 0.059375 0.084375