7 0.338324115625 0.376252190625 0.3625160125 0.331090353125 0.36391011406249996 0.323918315625 0.30266040781250003 0.3082755390625 0.2700026328125 0.36248046093749997 0.282232771875 0.3653491390625 0.338324115625 0.376252190625
6 0.267066515625 0.3560341375 0.29512303125 0.3093004078125 0.2961927796875 0.303797028125 0.235866825 0.2906104046875 0.20400595 0.3394949359375 0.246317190625 0.3520008765625 0.267066515625 0.3560341375
5 0.2269400984375 0.2915744078125 0.2280306984375 0.285963759375 0.19011285 0.2774060671875 0.169490971875 0.2733975796875 0.13602612187500002 0.3209798390625 0.1887099828125 0.3360279359375 0.197370859375 0.3377114390625 0.2269400984375 0.2915744078125
1 0.3157531078125 0.4466768390625 0.34481565937499997 0.389395503125 0.34491500625 0.3888844046875 0.279518859375 0.3726994984375 0.2449085234375 0.4298678953125 0.280567421875 0.43983743437499995 0.3157531078125 0.4466768390625
1 0.24293277343750003 0.42137978593750003 0.27166298125 0.3726701765625 0.2732892484375 0.364303759375 0.2113369171875 0.34936340625 0.1710481296875 0.4067883296875 0.184972653125 0.4101134796875 0.24293277343750003 0.42137978593750003
1 0.200340059375 0.3547203859375 0.20153684218749998 0.3485634796875 0.1391299234375 0.33351350156250004 0.096385021875 0.3897102984375 0.168334775 0.4036959140625 0.200340059375 0.3547203859375
3 0.28332504062499997 0.5263276828125 0.3143926890625 0.4640199421875 0.3154626625 0.458515409375 0.24567540000000002 0.4404695890625 0.205424021875 0.5059650875 0.27141139999999997 0.5240119046875 0.28332504062499997 0.5263276828125
3 0.198864790625 0.49558456875 0.2395064078125 0.43164678125 0.2400292515625 0.4289569828125 0.1691730953125 0.412079934375 0.1251598453125 0.47720638437499996 0.1892187015625 0.49370955937499994 0.198864790625 0.49558456875
3 0.1591997875 0.41897002812500006 0.1605850828125 0.41184330156250004 0.0917097796875 0.395438109375 0.043317359374999996 0.4610412984375 0.11953497500000002 0.476788346875 0.1591997875 0.41897002812500006
41 0.156749840625 0.49708445 0.15789603593749998 0.491187784375 0.0813932359375 0.4751737828125 0.033406196875 0.5557438765625 0.11713414687499998 0.5720189421875 0.156749840625 0.49708445
30 0.1988299984375 0.6069999453125 0.249244003125 0.5289499125 0.2497034640625 0.526586190625 0.174172734375 0.5011098234375 0.1146961 0.5824279812500001 0.1795990703125 0.60326183125 0.1988299984375 0.6069999453125
6 0.9866024484375 0.510614328125 0.9756792593749999 0.44871278124999997 0.9247702343749999 0.4377181890625 0.9064899125 0.4341648546875 0.9129880937499999 0.4991289640625 0.9634433187500001 0.5104970140625 0.9857812421875 0.514839065625 0.9866024484375 0.510614328125
5 0.8375914140624999 0.4818840046875 0.8929505984375 0.49361112656249995 0.909687896875 0.496864528125 0.9104460421875 0.49296420625000004 0.90508696875 0.43282092499999997 0.8350138749999999 0.41728355937500006 0.8375914140624999 0.4818840046875
4 0.7583354796874999 0.46903634375000003 0.8342339265625001 0.4837895078125 0.8342547765624999 0.483682240625 0.832141921875 0.42255315937500004 0.76217248125 0.40724557499999997 0.7583354796874999 0.46903634375000003
35 0.684588784375 0.44515096875 0.7562655515625 0.45908352187499996 0.758429778125 0.4479495453125 0.7606285328125 0.4003991796875 0.6930688703125 0.3857696203125 0.684588784375 0.44515096875
35 0.6802445234375 0.44892576562500003 0.6894506015624999 0.40156459843750003 0.6915396765625 0.3866401953125 0.6232434812500001 0.3731641296875 0.610744653125 0.4327018765625 0.6802445234375 0.44892576562500003