29 0.1453125 0.35859375 0.0625 0.090625
9 0.19453125 0.37109375 0.0625 0.0953125
10 0.24453125 0.38046875 0.05625 0.0875
11 0.29296875 0.39140625 0.0609375 0.090625
15 0.34453125 0.403125 0.05625 0.0828125
16 0.3953125 0.4140625 0.0625 0.0859375
17 0.446875 0.4234375 0.059375 0.0859375
12 0.49609375 0.43203125 0.0609375 0.0859375
12 0.546875 0.44375 0.0625 0.0875
14 0.59765625 0.4546875 0.0625 0.0875
14 0.64921875 0.46484375 0.0609375 0.0859375
14 0.70078125 0.475 0.0671875 0.0921875
33 0.753125 0.4859375 0.0640625 0.084375
33 0.80390625 0.49609375 0.0671875 0.090625
33 0.85625 0.50703125 0.0625 0.0859375