32 0.8859375 0.38046875 0.084375 0.11875
32 0.825 0.3953125 0.0859375 0.1203125
32 0.7625 0.409375 0.0828125 0.1140625
8 0.70078125 0.42578125 0.0859375 0.11875
8 0.63671875 0.4421875 0.0859375 0.11875
8 0.57265625 0.4578125 0.084375 0.1171875
7 0.51015625 0.47109375 0.0828125 0.115625
6 0.446875 0.4875 0.0859375 0.11875
5 0.384375 0.50390625 0.0859375 0.1203125
5 0.3203125 0.51796875 0.0875 0.11875
4 0.25390625 0.534375 0.0890625 0.1171875
3 0.18828125 0.55 0.0875 0.1203125
0 0.121875 0.5671875 0.0828125 0.1171875
0 0.05546875 0.58125 0.0859375 0.1234375