1 0.6490014515625 0.162670178125 0.6953553953125 0.1595962890625 0.6966908078125 0.1533136640625 0.6876620796874999 0.118534371875 0.641934703125 0.12417119375 0.6464306625 0.1621237390625 0.6490014515625 0.162670178125
22 0.7803270578125 0.16342837500000001 0.8044165375000001 0.1500230171875 0.805247490625 0.146113690625 0.7756730265625 0.10366345625 0.7476217203125 0.1189607125 0.7785343109375 0.16304731562500002 0.7803270578125 0.16342837500000001
9 0.843499646875 0.2295705609375 0.8757639218750001 0.2126660890625 0.8767990250000001 0.20779631250000002 0.8520192171875 0.172722478125 0.8167316250000001 0.19422538125 0.8393029750000001 0.22867852968750002 0.843499646875 0.2295705609375
7 0.669324375 0.06315848125 0.671314003125 0.063581390625 0.7001844937499999 0.0391794375 0.700541328125 0.0375006640625 0.6907699390625 0.02977089375 0.6652919734375 0.024355384375 0.6445954781250001 0.037814503124999996 0.669324375 0.06315848125
0 0.7248566734375 0.228313325 0.7304484015625 0.229501884375 0.7606120015625 0.21167334375000002 0.7355788515625 0.1634087515625 0.7011627546875 0.179177790625 0.7248566734375 0.228313325
17 0.44342166406250005 0.1461287671875 0.46535232656250003 0.1068789515625 0.46720468125 0.09816430625 0.4357834859375 0.081655021875 0.40598713281250004 0.1268165859375 0.438895365625 0.14516667187500001 0.44342166406250005 0.1461287671875
6 0.4765078890625 0.09565480312499999 0.5231009015625 0.08319519375 0.52314284375 0.0829978703125 0.5135169609375 0.049491520312499995 0.4656171203125 0.0621259546875 0.4740886296875 0.0951405734375 0.4765078890625 0.09565480312499999
18 0.8446909453125 0.297841146875 0.8788660265624999 0.312166053125 0.8938717671875 0.315355621875 0.8978485046875001 0.2966465484375 0.9002618046875 0.27836751249999997 0.8496539046875 0.255926096875 0.8446909453125 0.297841146875
25 0.6119061515625 0.19152569375 0.6160671671875 0.1924101453125 0.6507912171875 0.18888922187499999 0.650881215625 0.1884658171875 0.6389213687499999 0.138769525 0.5999497703125 0.14250145 0.599920565625 0.14263884531249998 0.6119061515625 0.19152569375
16 0.8204408203125 0.4051762671875 0.8296369171875 0.40713095781249997 0.8401848 0.3575070734375 0.782081609375 0.3279711015625 0.77103153125 0.38060576875 0.8204408203125 0.4051762671875
4 0.707333665625 0.151107965625 0.7459690078125 0.15444946875 0.746530528125 0.151807725 0.74436024375 0.119426740625 0.698242809375 0.11265716875000001 0.6971309859375 0.14893931875 0.707333665625 0.151107965625
15 0.602207775 0.11917832343749998 0.641057503125 0.11443939218750002 0.6421972171875 0.10907745625000001 0.6358553062500001 0.079734940625 0.5876252703125 0.085030025 0.593504696875 0.117328428125 0.602207775 0.11917832343749998
20 0.6481209765625 0.051147525000000006 0.6483004609374999 0.0503031171875 0.6283500937500001 0.022500985937500002 0.6280481421874999 0.0224368046875 0.5886106125 0.0465700296875 0.6125252671875 0.07504656562499999 0.613949946875 0.075349390625 0.6481209765625 0.051147525000000006
10 0.6577186765625 0.1197956796875 0.6878250203125 0.11235660624999999 0.68901274375 0.1067688125 0.6743808390625 0.06682116875 0.63965346875 0.074209471875 0.65611105625 0.1194539703125 0.6577186765625 0.1197956796875
10 0.9536090484375 0.3168713234375 0.9603367374999999 0.3183013375 0.9709645234375 0.2683015359375 0.93217041875 0.245086559375 0.920637278125 0.2963153265625 0.9536090484375 0.3168713234375
23 0.8378719 0.180508159375 0.8386634953125001 0.176784 0.817830925 0.145841553125 0.8174738953125 0.1457656640625 0.7809403609375 0.1663414765625 0.8035073296874999 0.1987062296875 0.8044148249999999 0.198899125 0.8378719 0.180508159375
23 0.761437665625 0.26963440625 0.80125940625 0.2475434640625 0.8016263234375 0.24581725468750001 0.7790420078125 0.20992635 0.7381500437499999 0.2323012171875 0.7600301484374999 0.2693352296875 0.761437665625 0.26963440625
12 0.8474377265624999 0.2482326375 0.8480741953125 0.24523828124999997 0.8168927765625 0.19835658125 0.8155270921875 0.1980662953125 0.7867083218750001 0.2150053078125 0.8157364812499999 0.2652019046875 0.8172162453125 0.2655164375 0.8474377265624999 0.2482326375
12 0.7650957453125 0.21450270312500003 0.7973799421875001 0.19815801875 0.7974131171875001 0.19800194375 0.7658530156250001 0.1494692078125 0.736167140625 0.1636983375 0.762689325 0.21399120312500003 0.7650957453125 0.21450270312500003
20 0.753137040625 0.11132415 0.7770216359375001 0.0985408609375 0.7776573765625 0.0955499375 0.750175775 0.060106840625000005 0.72474565625 0.075856359375 0.7507320609375 0.11081295625000001 0.753137040625 0.11132415
20 0.665754584375 0.2763115265625 0.6701621703125 0.2555754640625 0.672336928125 0.2340866546875 0.6171263828125 0.22452213593749998 0.61225516875 0.2640983265625 0.665754584375 0.2763115265625
5 0.366745146875 0 0.365701721875 0.0001183703125 0.3645098515625 0.0303162984375 0.367594096875 0.030971875 0.413525559375 0.0275506953125 0.416034615625 0.0157465140625 0.414699015625 0 0.366745146875 0
5 0.665450065625 0.21728346875 0.6995367890625 0.2150764734375 0.700635284375 0.209908465625 0.69367651875 0.1634709890625 0.6573935093750001 0.16287780000000002 0.6619094609375 0.2165308890625 0.665450065625 0.21728346875
8 0.5518199203124999 0.2250787796875 0.5917741249999999 0.2335713078125 0.6011693703125001 0.18937015468750001 0.6027214515625 0.17996249375 0.5627851296874999 0.170304371875 0.5518199203124999 0.2250787796875
8 0.5057890781250001 0.2296712859375 0.5109572046874999 0.23076980468750002 0.544753890625 0.2142973984375 0.5450570953125 0.21287093281249997 0.5218429140625 0.16572599375 0.4859431484375 0.18285658124999998 0.48578146875000006 0.1836172234375 0.5057890781250001 0.2296712859375
37 0.573428028125 0.1146584078125 0.578000859375 0.10297397187499999 0.581802275 0.0850897171875 0.5391065109375 0.0695552875 0.5250761390625 0.0992476828125 0.558112421875 0.111402975 0.573428028125 0.1146584078125
31 1 0.376512025 0.9477771265625 0.3671992515625 0.95402746875 0.4223891359375 0.9712135406250001 0.42604214687499997 1 0.43060525156249996 1 0.376512025
35 0.5243269328125 0.05629943125 0.571417603125 0.0663088625 0.571943646875 0.0638340234375 0.5751820296875 0.0375147640625 0.52981545 0.0298031671875 0.5243269328125 0.05629943125
35 0.9088478078125 0.2770062921875 0.9154104890625 0.2591151671875 0.9205816296875 0.23478686093749998 0.887871059375 0.210658975 0.8709740343749999 0.25237213281250004 0.903271321875 0.2758209734375 0.9088478078125 0.2770062921875
33 0.8334978968750001 0.14437945000000002 0.8536291859375 0.1364368 0.85415155625 0.1339792421875 0.8285962843749999 0.092805484375 0.801699140625 0.1054845234375 0.8263069749999999 0.142850971875 0.8334978968750001 0.14437945000000002
33 0.8292583796875 0.3399593953125 0.8419795109375 0.3114875703125 0.8442271546875 0.300913234375 0.7976896640625 0.2636434265625 0.779571396875 0.29985338437500003 0.8269354421875 0.3394656390625 0.8292583796875 0.3399593953125
13 0.9114980734374999 0.337722453125 0.8578833046875 0.320485296875 0.8566479296875 0.32022270937499997 0.853669278125 0.3595887203125 0.9114572453124999 0.3829266546875 0.9125526015625001 0.377773409375 0.9114980734374999 0.337722453125
13 0.5629759812499999 0.316904875 0.57601325 0.28517476249999996 0.578919565625 0.27150162031249997 0.5288337609375 0.2433266296875 0.5076753859375 0.288848909375 0.558081465625 0.3158645140625 0.5629759812499999 0.316904875
32 0.7341334359375 0.25522272031250004 0.7363620234375 0.24473803906249997 0.70406020625 0.21971946718750002 0.677032390625 0.2656394 0.7151003703125001 0.2961019015625 0.7341334359375 0.25522272031250004
32 0.6925749734375 0.35563384062500003 0.70733146875 0.35877043125 0.7196265796875 0.3009264796875 0.6769673187499999 0.28431259531249997 0.662225725 0.3431011328125 0.6925749734375 0.35563384062500003
16 0.8619230703125 0.798968721875 0.9225210015625 0.8118492093749999 0.9238533703125 0.805580903125 0.9169458546874999 0.6918258125000001 0.85993966875 0.6798145171875001 0.8619230703125 0.798968721875
16 0.80085191875 0.785987646875 0.8598584203125 0.7985298671875001 0.861028415625 0.7930254703124999 0.8591667171875 0.6773840343749999 0.80216053125 0.6653727390624999 0.80085191875 0.785987646875
15 0.7991950640625001 0.7758049125 0.8004365999999999 0.6644964234375 0.7434166375 0.6523764562500001 0.7385072265625 0.77433328125 0.784344978125 0.784076396875 0.7969075671875 0.78656674375 0.7991950640625001 0.7758049125
14 0.722903734375 0.7726140640625 0.735517525 0.7747757875 0.7373889124999999 0.7659715984375 0.7421414046875 0.64961264375 0.6827660671875 0.63730925625 0.6734989687499999 0.76211275625 0.722903734375 0.7726140640625
13 0.6100181499999999 0.75181430625 0.6720995859375 0.7650101234375 0.673389565625 0.7589412453125 0.6834417703125 0.640295640625 0.6240664312499999 0.6279922515624999 0.6100181499999999 0.75181430625
12 0.5432014796875 0.736014578125 0.6082335125 0.7498375625 0.6094246734375 0.744233590625 0.6226860609375 0.6245251859375001 0.5632790875 0.6135399734375 0.5432014796875 0.736014578125
11 0.5303929546874999 0.73648685625 0.5403580078125 0.7384974703125 0.5438516843750001 0.7220610140625 0.561822534375 0.6105826234375 0.5448029125 0.606964990625 0.5028730421875001 0.5992115484375 0.49469198593749997 0.6377003921875 0.4770107140625 0.7251401109375 0.5303929546874999 0.73648685625
10 0.474657478125 0.7244401296875 0.500678503125 0.602020834375 0.501449309375 0.5981852484375 0.44204233437499996 0.5872000374999999 0.4141117625 0.7132586875 0.474657478125 0.7244401296875
16 0.41202215625000005 0.7096280828125 0.41561390937500003 0.694094678125 0.43885151093749997 0.5847703531249999 0.381402040625 0.5741471109375 0.3488289875 0.69789424375 0.35701950312499997 0.699635190625 0.41202215625000005 0.7096280828125
15 0.3653194546875 0.6301030843750001 0.37751259843749996 0.57273885 0.32189792968750003 0.560161503125 0.2852154265625 0.6811779484375 0.34862958593750004 0.6946570453125 0.3653194546875 0.6301030843750001
14 0.3119227703125 0.5807063359375 0.31640244375000004 0.5596311328125 0.2598847703125 0.5468495734375 0.21844275781250003 0.6701797953125 0.28176768750000003 0.6836399234375 0.3119227703125 0.5807063359375
11 0.2515131453125 0.5718180937499999 0.2562181390625 0.549682834375 0.1986757609375 0.537329771875 0.1543743453125 0.659756446875 0.217337175 0.673139609375 0.2515131453125 0.5718180937499999
11 0.185768253125 0.565484671875 0.19127768437499998 0.539564840625 0.13657959375 0.52719478125 0.0865642328125 0.6469403703125 0.15195408125 0.6608394109375 0.185768253125 0.565484671875
11 0.128633190625 0.5411908249999999 0.1315375015625 0.5275271109374999 0.0751020375 0.5118969828125 0.0209841578125 0.6330008953124999 0.084072171875 0.6464106671875001 0.128633190625 0.5411908249999999
28 0 0.6315020078125 0.0203646015625 0.635236384375 0.07280398593750001 0.518268603125 0.073544865625 0.5147830375 0.0132373359375 0.501964275 0 0.526493978125 0 0.6315020078125