34 0.88125 0.409375 0.0734375 0.109375
34 0.81953125 0.421875 0.0765625 0.109375
35 0.759375 0.43046875 0.075 0.1125
35 0.69765625 0.44375 0.078125 0.1125
33 0.6359375 0.45546875 0.078125 0.1140625
33 0.57578125 0.4671875 0.0765625 0.1125
32 0.5140625 0.478125 0.078125 0.1125
32 0.45234375 0.48828125 0.0765625 0.1125
26 0.390625 0.5015625 0.08125 0.1140625
26 0.3265625 0.51328125 0.084375 0.11875
24 0.2625 0.525 0.0828125 0.1171875
24 0.19921875 0.5359375 0.0828125 0.1140625
23 0.134375 0.54609375 0.0765625 0.1140625
23 0.06875 0.56015625 0.078125 0.11875