26 0.890625 0.61015625 0.05546875 0.1015625
25 0.8296875 0.609375 0.0546875 0.10390625
24 0.76796875 0.6078125 0.05625 0.10390625
23 0.70546875 0.6078125 0.05859375 0.103125
23 0.6421875 0.60859375 0.06015625 0.103125
23 0.57890625 0.6078125 0.06015625 0.103125
21 0.51640625 0.60625 0.0609375 0.10390625
21 0.45390625 0.60625 0.0609375 0.10546875
22 0.38984375 0.60703125 0.0625 0.10625
21 0.325 0.60625 0.0640625 0.10625
20 0.259375 0.60625 0.06484375 0.10859375
18 0.19375 0.60625 0.0609375 0.1078125
18 0.1296875 0.60546875 0.06484375 0.10859375
18 0.065625 0.60390625 0.06328125 0.1078125