41 0.45703125 0.5015625 0.053125 0.0671875
32 0.89921875 0.46484375 0.0515625 0.05625
32 0.84375 0.4703125 0.046875 0.065625
32 0.790625 0.478125 0.0484375 0.0640625
22 0.734375 0.48046875 0.053125 0.0625
23 0.68046875 0.490625 0.046875 0.0703125
24 0.62421875 0.49375 0.053125 0.0734375
25 0.56875 0.4984375 0.046875 0.075
25 0.5140625 0.50078125 0.046875 0.0734375
21 0.3984375 0.50625 0.0484375 0.065625
21 0.34375 0.50703125 0.0453125 0.0671875
21 0.28671875 0.51015625 0.05 0.065625
21 0.2296875 0.51328125 0.0484375 0.065625
18 0.17578125 0.5125 0.0484375 0.0671875
19 0.1171875 0.51796875 0.0421875 0.0671875
20 0.0609375 0.521875 0.0390625 0.0671875