16 0.8296875 0.64453125 0.09375 0.1484375
16 0.74765625 0.63359375 0.096875 0.153125
16 0.665625 0.62421875 0.0984375 0.15
13 0.58203125 0.61171875 0.0984375 0.15
14 0.5 0.60078125 0.096875 0.15
14 0.41640625 0.590625 0.0984375 0.1515625
14 0.33203125 0.58046875 0.1015625 0.153125
13 0.24609375 0.57109375 0.1015625 0.153125
12 0.16171875 0.55859375 0.1015625 0.1515625
10 0.68046875 0.47890625 0.0953125 0.1453125
10 0.5984375 0.46875 0.096875 0.146875
11 0.51640625 0.4578125 0.096875 0.146875
10 0.43515625 0.44765625 0.096875 0.146875
9 0.353125 0.43515625 0.0953125 0.1484375