39 0.1015625 0.4453125 0.059375 0.0953125
22 0.16328125 0.440625 0.0484375 0.08125
22 0.225 0.4375 0.0484375 0.0765625
22 0.2890625 0.446875 0.046875 0.084375
36 0.34765625 0.43515625 0.046875 0.0765625
36 0.4109375 0.43125 0.0453125 0.0765625
36 0.46953125 0.44453125 0.0484375 0.0734375
20 0.53046875 0.4375 0.053125 0.075
20 0.58984375 0.434375 0.053125 0.0765625
20 0.65 0.43359375 0.0546875 0.0765625
25 0.7125 0.42890625 0.0515625 0.0890625
25 0.77109375 0.42734375 0.05 0.08125
25 0.828125 0.42265625 0.05 0.0796875
37 0.8890625 0.4234375 0.05 0.08125
37 0.95 0.41953125 0.053125 0.0875