32 0.8981086328125001 0.40374211718749997 0.886693471875 0.5285266609375 0.9602235328125 0.5290913328125 0.9765945484375 0.4081479640625 0.9764561859375 0.400221184375 0.8981086328125001 0.40374211718749997
34 0.8209240375 0.4047628625 0.8138863578125 0.5289163109375 0.88645559375 0.528954475 0.89559168125 0.42301523750000003 0.8952439546875001 0.40309402656250004 0.8209240375 0.4047628625
36 0.741700984375 0.4088884484375 0.739707040625 0.5317588718749999 0.8121414046875 0.5304945265625001 0.82038711875 0.41195042031250007 0.8202824140624999 0.405951871875 0.741700984375 0.4088884484375
35 0.7390728515625 0.40897754375 0.6629739796874999 0.41101564843749994 0.6606489015625 0.539130953125 0.6884711453125 0.53890415 0.7373902328125 0.5380502640625 0.74010889375 0.4683323625 0.7390728515625 0.40897754375
26 0.5861469593749999 0.412742359375 0.5875320828125 0.535977834375 0.6612606546875 0.534690896875 0.6626523078125001 0.417778428125 0.662534125 0.41100766875000005 0.5861469593749999 0.412742359375
23 0.511130675 0.5406671640625 0.5835276390625 0.540247559375 0.5813425671875 0.4150649203125 0.5083274453125 0.41615353437499997 0.511130675 0.5406671640625
22 0.43113481875000004 0.41808050156250004 0.43730249531250004 0.5417255765625 0.48582557031249995 0.5408786046875 0.5069494375 0.5400162265625 0.5047913515625 0.416379521875 0.43113481875000004 0.41808050156250004
21 0.4298799765625 0.42211139218750005 0.4297431453125 0.41859159375 0.35260654687500004 0.42055859843750004 0.3596921921875 0.5430802703125 0.3843476953125 0.54264990625 0.43195280625 0.5408637484375001 0.4298799765625 0.42211139218750005
19 0.2743003609375 0.42058359375 0.2857666859375 0.5443706453125 0.3599312796875 0.5430760968749999 0.35228017500000003 0.41858366875 0.2743003609375 0.42058359375
15 0.28154706875 0.518928090625 0.272953996875 0.42044992499999995 0.1966098125 0.42153245625 0.209983434375 0.545693446875 0.280372946875 0.5444647921875 0.2819914296875 0.5443854609375001 0.28154706875 0.518928090625
7 0.208593275 0.5472804499999999 0.20847632656249998 0.540580515625 0.1958059390625 0.42220553125000004 0.117523784375 0.42492681250000003 0.1341035296875 0.547976975 0.1503927109375 0.5482963437499999 0.208593275 0.5472804499999999
15 0.12266985781249999 0.5488372125 0.1059471828125 0.42921520781250005 0.030375559375 0.43249159375 0.0535691140625 0.5562373578125 0.122777940625 0.5550293140625 0.12266985781249999 0.5488372125