2 0.62109375 0.4875 0.0640625 0.0875
2 0.4546875 0.5171875 0.0625 0.090625
1 0.5640625 0.49765625 0.0578125 0.0875
1 0.3984375 0.528125 0.0609375 0.09375
0 0.51015625 0.5078125 0.0609375 0.09375
0 0.34140625 0.540625 0.0625 0.0953125
8 0.78984375 0.45546875 0.06875 0.09375
8 0.28515625 0.5484375 0.0609375 0.0921875
7 0.73359375 0.4640625 0.0625 0.0875
7 0.22890625 0.559375 0.05625 0.0921875
6 0.9015625 0.43515625 0.05625 0.0875
6 0.8484375 0.44375 0.0515625 0.0875
6 0.67734375 0.47578125 0.059375 0.0890625
6 0.1734375 0.56953125 0.065625 0.096875
40 0.11640625 0.57890625 0.059375 0.09375