38 0.08125 0.5171875 0.0609375 0.0671875
40 0.1359375 0.5171875 0.059375 0.06875
19 0.184375 0.51171875 0.0421875 0.0640625
19 0.23515625 0.50859375 0.04375 0.0671875
19 0.2890625 0.5046875 0.0484375 0.0734375
1 0.3453125 0.4984375 0.0453125 0.0703125
1 0.3984375 0.49140625 0.04375 0.065625
1 0.45625 0.4859375 0.046875 0.0703125
6 0.5109375 0.478125 0.0515625 0.0703125
6 0.57109375 0.47421875 0.0546875 0.071875
6 0.63125 0.46953125 0.05625 0.071875
22 0.69296875 0.46171875 0.0546875 0.0640625
22 0.75546875 0.45546875 0.0546875 0.0671875
25 0.8234375 0.45078125 0.059375 0.071875
25 0.88515625 0.446875 0.059375 0.0765625
25 0.9515625 0.43828125 0.05625 0.0734375