1 0.9421875 0.44765625 0.053125 0.0984375
2 0.87578125 0.4609375 0.059375 0.096875
2 0.80859375 0.47109375 0.0609375 0.1046875
4 0.74375 0.478125 0.0640625 0.10625
3 0.6734375 0.4953125 0.0578125 0.1015625
4 0.6046875 0.50546875 0.059375 0.103125
5 0.53671875 0.51796875 0.0625 0.1046875
3 0.46875 0.52578125 0.0578125 0.096875
4 0.39609375 0.5375 0.0609375 0.1015625
5 0.325 0.553125 0.0609375 0.1078125
7 0.25234375 0.5640625 0.065625 0.10625
8 0.17890625 0.57890625 0.0703125 0.10625
6 0.1046875 0.5890625 0.06875 0.109375