14 0.84140625 0.41484375 0.04296875 0.059375
14 0.7921875 0.4125 0.03515625 0.059375
14 0.74453125 0.41640625 0.040625 0.0625
4 0.6953125 0.42578125 0.040625 0.06015625
4 0.64765625 0.42890625 0.0390625 0.05703125
4 0.59765625 0.43359375 0.046875 0.0640625
6 0.5484375 0.4359375 0.040625 0.0640625
6 0.4953125 0.4390625 0.04609375 0.0640625
5 0.44375 0.4265625 0.0421875 0.06171875
5 0.39296875 0.4234375 0.040625 0.0625
5 0.33984375 0.42109375 0.04453125 0.0640625
5 0.2859375 0.42109375 0.0421875 0.06015625
32 0.1765625 0.42265625 0.04375 0.0453125
32 0.1234375 0.4140625 0.03828125 0.05
32 0.06328125 0.4265625 0.0421875 0.0546875