28 0.99375 0.7078125 0.0125 0.071875
38 0.96484375 0.72109375 0.06875 0.0796875
6 0.85390625 0.7390625 0.0609375 0.0765625
6 0.80546875 0.74765625 0.0546875 0.071875
6 0.7578125 0.7515625 0.053125 0.06875
6 0.7109375 0.76484375 0.053125 0.071875
8 0.52109375 0.80390625 0.046875 0.0703125
8 0.475 0.81328125 0.05 0.071875
8 0.42734375 0.82109375 0.053125 0.0734375
31 0.6609375 0.77421875 0.0515625 0.0671875
31 0.615625 0.7828125 0.0484375 0.06875
31 0.5671875 0.79296875 0.05 0.06875
37 0.378125 0.83046875 0.046875 0.065625
37 0.33046875 0.83828125 0.05 0.065625
37 0.2828125 0.84609375 0.053125 0.071875
34 0.23515625 0.8578125 0.046875 0.0703125
34 0.18671875 0.86875 0.04375 0.071875