27 0.096875 0.5453125 0.046875 0.08125
40 0.1453125 0.55 0.04375 0.08125
29 0.1953125 0.54765625 0.04375 0.0765625
25 0.24453125 0.546875 0.0390625 0.071875
25 0.29765625 0.546875 0.0390625 0.075
25 0.34765625 0.546875 0.0421875 0.075
19 0.39921875 0.54765625 0.0390625 0.0703125
19 0.44921875 0.54765625 0.0390625 0.0734375
19 0.5015625 0.54921875 0.0375 0.0703125
35 0.55078125 0.546875 0.040625 0.06875
35 0.6015625 0.5453125 0.040625 0.065625
35 0.6515625 0.5453125 0.0375 0.065625
31 0.70390625 0.54453125 0.0421875 0.0703125
31 0.75546875 0.54453125 0.0453125 0.0703125
31 0.80859375 0.54296875 0.0453125 0.06875
33 0.8578125 0.54296875 0.04375 0.0625
33 0.91484375 0.54140625 0.040625 0.0625