27 0.1734375 0.54296875 0.06328125 0.1171875
9 0.37109375 0.37421875 0.06484375 0.1125
9 0.44296875 0.37421875 0.06328125 0.1125
14 0.51171875 0.375 0.0625 0.10625
15 0.58046875 0.3765625 0.059375 0.1078125
16 0.65 0.378125 0.0625 0.11015625
16 0.24921875 0.54453125 0.059375 0.1109375
16 0.325 0.54296875 0.0640625 0.1125
16 0.4 0.54296875 0.06015625 0.10859375
31 0.47578125 0.540625 0.0578125 0.103125
31 0.54765625 0.53828125 0.0578125 0.10390625
31 0.61796875 0.5375 0.06015625 0.10546875
13 0.69375 0.540625 0.05859375 0.10625
13 0.76796875 0.54140625 0.06328125 0.1078125
13 0.84296875 0.5390625 0.065625 0.11015625