17 0.8984375 0.61796875 0.059375 0.10625
17 0.8359375 0.615625 0.0609375 0.10625
17 0.77421875 0.61640625 0.0625 0.109375
16 0.71171875 0.61328125 0.0625 0.109375
15 0.6484375 0.61015625 0.0640625 0.1078125
14 0.584375 0.60625 0.0640625 0.109375
13 0.52109375 0.60546875 0.065625 0.1109375
12 0.45703125 0.603125 0.065625 0.1125
14 0.39453125 0.6015625 0.065625 0.1125
13 0.3296875 0.6 0.0671875 0.1109375
12 0.2640625 0.59765625 0.0671875 0.1109375
11 0.1984375 0.59453125 0.0703125 0.1109375
10 0.1328125 0.59453125 0.065625 0.1109375
9 0.065625 0.58984375 0.065625 0.1125