17 0.9296875 0.3734375 0.065625 0.071875
16 0.859375 0.36796875 0.0625 0.0765625
16 0.79296875 0.36953125 0.0578125 0.075
15 0.728125 0.37109375 0.05625 0.0734375
15 0.66171875 0.37109375 0.05 0.0765625
15 0.59765625 0.3703125 0.05 0.078125
14 0.53359375 0.371875 0.0515625 0.075
14 0.46796875 0.37109375 0.046875 0.0765625
13 0.40625 0.37109375 0.046875 0.0765625
13 0.34296875 0.36953125 0.0484375 0.0765625
12 0.27890625 0.3703125 0.053125 0.078125
12 0.21171875 0.36796875 0.0484375 0.0765625
11 0.1515625 0.36640625 0.046875 0.0734375
10 0.08671875 0.36640625 0.0484375 0.0765625