27 0.0546875 0.61640625 0.05625 0.0859375
24 0.11796875 0.61796875 0.04453125 0.0890625
24 0.17890625 0.61484375 0.04609375 0.090625
24 0.240625 0.61484375 0.04765625 0.08671875
41 0.2984375 0.615625 0.05078125 0.0828125
32 0.36015625 0.6140625 0.04296875 0.07421875
32 0.41953125 0.6078125 0.0453125 0.0734375
32 0.4734375 0.6078125 0.0390625 0.06953125
21 0.53203125 0.60546875 0.04609375 0.0734375
21 0.58984375 0.609375 0.04609375 0.06796875
21 0.6453125 0.61328125 0.04140625 0.075
22 0.70625 0.61953125 0.05 0.078125
22 0.7625 0.6171875 0.04375 0.0703125
34 0.8125 0.6140625 0.0421875 0.0765625
34 0.87578125 0.62265625 0.04375 0.0703125