29 0.12265625 0.6796875 0.0640625 0.103125
4 0.184375 0.67109375 0.0640625 0.0984375
2 0.240625 0.66328125 0.059375 0.096875
3 0.30390625 0.653125 0.059375 0.0984375
4 0.36015625 0.63984375 0.0609375 0.0921875
6 0.41953125 0.63125 0.0546875 0.0859375
5 0.4734375 0.615625 0.0609375 0.0953125
0 0.52734375 0.59453125 0.0578125 0.0921875
1 0.5875 0.590625 0.0546875 0.090625
2 0.64140625 0.58984375 0.0515625 0.0890625
4 0.6953125 0.58203125 0.059375 0.090625
4 0.753125 0.57421875 0.05625 0.0890625
8 0.8109375 0.5703125 0.059375 0.0890625
7 0.86640625 0.5671875 0.059375 0.09375
6 0.91953125 0.5546875 0.05625 0.0859375