28 0.10390625 0.6 0.0625 0.06875
39 0.15546875 0.5921875 0.05625 0.065625
8 0.20390625 0.584375 0.0546875 0.0703125
8 0.253125 0.57890625 0.053125 0.071875
8 0.3015625 0.57109375 0.0515625 0.075
7 0.3515625 0.5609375 0.053125 0.0734375
7 0.40234375 0.55390625 0.05 0.0703125
7 0.4515625 0.54375 0.05 0.0703125
7 0.50078125 0.5359375 0.053125 0.06875
6 0.55078125 0.52734375 0.0515625 0.0640625
6 0.60078125 0.51640625 0.05625 0.06875
6 0.6484375 0.50859375 0.05625 0.06875
5 0.8015625 0.48359375 0.059375 0.06875
5 0.75 0.49375 0.059375 0.0703125
5 0.69765625 0.5015625 0.05625 0.071875
11 0.8546875 0.4796875 0.0625 0.071875
11 0.9109375 0.471875 0.0640625 0.075