14 0.903125 0.57890625 0.0453125 0.0796875
23 0.84453125 0.58359375 0.046875 0.0671875
23 0.784375 0.5890625 0.0453125 0.08125
23 0.72578125 0.59140625 0.040625 0.0796875
23 0.6640625 0.5953125 0.0453125 0.0875
33 0.6046875 0.59375 0.0453125 0.0921875
35 0.54453125 0.59375 0.0484375 0.0953125
32 0.48359375 0.5984375 0.0515625 0.09375
31 0.42421875 0.60390625 0.059375 0.1015625
31 0.3640625 0.61484375 0.059375 0.1015625
31 0.3046875 0.61796875 0.0546875 0.0921875
36 0.240625 0.62890625 0.04375 0.071875
36 0.17734375 0.6328125 0.04375 0.05625
36 0.1171875 0.63515625 0.040625 0.0625
41 0.05390625 0.634375 0.0609375 0.0921875