8 0.8921875 0.571875 0.0765625 0.1125
8 0.83125 0.55859375 0.0765625 0.1140625
8 0.76796875 0.54609375 0.0796875 0.1140625
5 0.70703125 0.5328125 0.0796875 0.115625
5 0.6453125 0.5203125 0.0796875 0.115625
5 0.584375 0.50703125 0.078125 0.115625
6 0.521875 0.4921875 0.0796875 0.1125
5 0.4609375 0.48125 0.0796875 0.1140625
4 0.40078125 0.46640625 0.08125 0.115625
3 0.33984375 0.45390625 0.08125 0.115625
2 0.27734375 0.4390625 0.08125 0.1125
1 0.2140625 0.42890625 0.08125 0.1125
0 0.15390625 0.415625 0.0765625 0.1125
0 0.09140625 0.4 0.0734375 0.1125