38 0.08125 0.50234375 0.059375 0.065625
40 0.13515625 0.5046875 0.0578125 0.0671875
19 0.184375 0.50078125 0.040625 0.0640625
19 0.23515625 0.5 0.0421875 0.065625
19 0.2890625 0.49765625 0.046875 0.071875
1 0.3453125 0.49296875 0.04375 0.0703125
1 0.39921875 0.4875 0.0421875 0.065625
1 0.45625 0.484375 0.0453125 0.06875
6 0.51171875 0.47890625 0.05 0.06875
6 0.571875 0.4765625 0.0515625 0.0703125
6 0.63203125 0.47421875 0.0546875 0.0703125
22 0.69453125 0.46875 0.053125 0.0625
22 0.75703125 0.4640625 0.053125 0.065625
25 0.825 0.4625 0.0578125 0.0703125
25 0.88671875 0.46015625 0.05625 0.075
25 0.953125 0.45390625 0.053125 0.071875