18 0.89375 0.41640625 0.0609375 0.0765625
18 0.8265625 0.41640625 0.0640625 0.0796875
19 0.7625 0.41015625 0.0546875 0.0765625
20 0.70234375 0.40859375 0.0578125 0.0796875
21 0.64140625 0.40625 0.0515625 0.075
20 0.58203125 0.4109375 0.053125 0.0765625
20 0.51875 0.40078125 0.0484375 0.0765625
20 0.46015625 0.40390625 0.0546875 0.0734375
23 0.3984375 0.40234375 0.0484375 0.0828125
24 0.33828125 0.40234375 0.053125 0.0796875
25 0.2734375 0.3984375 0.0421875 0.075
23 0.21640625 0.403125 0.046875 0.078125
24 0.15546875 0.4015625 0.05 0.078125
25 0.09453125 0.4 0.0453125 0.0734375