16 0.89375 0.415625 0.071875 0.109375
16 0.83203125 0.4265625 0.075 0.109375
16 0.7703125 0.43671875 0.075 0.109375
34 0.71015625 0.44765625 0.0734375 0.1125
34 0.646875 0.45703125 0.075 0.1078125
17 0.5859375 0.46796875 0.0765625 0.109375
17 0.525 0.47890625 0.0796875 0.1109375
17 0.46328125 0.48984375 0.0765625 0.1140625
31 0.4 0.5 0.0796875 0.1125
31 0.33671875 0.5109375 0.0765625 0.115625
31 0.27421875 0.521875 0.078125 0.1140625
0 0.20703125 0.53046875 0.0796875 0.1140625
0 0.1421875 0.54140625 0.0734375 0.1125
0 0.07734375 0.5515625 0.0765625 0.1171875