17 0.9453125 0.5953125 0.046875 0.084375
26 0.88984375 0.60546875 0.0515625 0.0859375
35 0.83125 0.6046875 0.040625 0.0875
31 0.775 0.6109375 0.046875 0.08125
37 0.71640625 0.60703125 0.0546875 0.0875
32 0.65703125 0.565625 0.040625 0.08125
32 0.60078125 0.61171875 0.0421875 0.0828125
33 0.54375 0.62265625 0.046875 0.0796875
33 0.48671875 0.63046875 0.04375 0.0828125
0 0.425 0.63359375 0.046875 0.0859375
0 0.365625 0.63828125 0.053125 0.0890625
0 0.30390625 0.640625 0.0515625 0.084375
8 0.24453125 0.64765625 0.0546875 0.0890625
8 0.18125 0.6515625 0.05 0.0875
8 0.11953125 0.6625 0.0546875 0.096875
40 0.05703125 0.66171875 0.0515625 0.0953125