15 0.87421875 0.41796875 0.0515625 0.0859375
9 0.83046875 0.4234375 0.05625 0.09375
10 0.78359375 0.4296875 0.059375 0.096875
16 0.734375 0.4328125 0.059375 0.096875
14 0.6828125 0.44140625 0.0609375 0.0984375
12 0.62578125 0.45 0.065625 0.1015625
16 0.56953125 0.4578125 0.06875 0.10625
11 0.51171875 0.46640625 0.071875 0.1109375
12 0.446875 0.47421875 0.0796875 0.1125
14 0.3765625 0.48359375 0.08125 0.11875
14 0.3015625 0.49140625 0.084375 0.1234375
10 0.2203125 0.50390625 0.0890625 0.1359375
11 0.13671875 0.5171875 0.0953125 0.1390625