40 0.05859375 0.51171875 0.06875 0.1078125
20 0.95390625 0.58359375 0.0640625 0.109375
20 0.890625 0.5796875 0.0609375 0.1078125
21 0.82421875 0.56953125 0.0625 0.1078125
22 0.76171875 0.565625 0.0625 0.1078125
23 0.69921875 0.56171875 0.0625 0.1046875
23 0.6359375 0.5546875 0.0609375 0.1078125
24 0.5734375 0.55078125 0.0625 0.1046875
25 0.509375 0.54375 0.059375 0.1078125
24 0.4453125 0.53984375 0.059375 0.109375
25 0.3796875 0.53359375 0.05625 0.1078125
26 0.31484375 0.52890625 0.0625 0.1078125
19 0.24921875 0.525 0.053125 0.103125
19 0.1875 0.51953125 0.0578125 0.1
19 0.12109375 0.5125 0.053125 0.103125