31 0.94140625 0.55078125 0.0640625 0.0984375
31 0.87578125 0.54609375 0.0640625 0.1046875
34 0.8078125 0.5375 0.065625 0.1046875
34 0.7390625 0.5328125 0.0640625 0.1015625
34 0.67109375 0.52421875 0.0609375 0.1015625
33 0.60390625 0.51875 0.0640625 0.103125
33 0.53671875 0.5125 0.065625 0.1
33 0.46640625 0.50234375 0.0625 0.1
24 0.4015625 0.4984375 0.0703125 0.115625
23 0.328125 0.4875 0.0671875 0.109375
22 0.2609375 0.48125 0.0671875 0.10625
24 0.190625 0.47578125 0.06875 0.1125
23 0.1234375 0.46875 0.0671875 0.1109375
22 0.053125 0.459375 0.0671875 0.1078125