16 0.89296875 0.6390625 0.06875 0.1140625
16 0.83046875 0.63203125 0.0703125 0.115625
15 0.76796875 0.62578125 0.0703125 0.1109375
15 0.7046875 0.61875 0.0734375 0.1125
15 0.63984375 0.61171875 0.071875 0.1125
15 0.5765625 0.60390625 0.071875 0.1125
14 0.51015625 0.59921875 0.071875 0.11875
13 0.44609375 0.5921875 0.0734375 0.115625
11 0.38125 0.58515625 0.0765625 0.115625
11 0.3140625 0.58046875 0.0765625 0.1171875
11 0.246875 0.5734375 0.0765625 0.11875
11 0.18046875 0.56640625 0.0734375 0.11875
10 0.11171875 0.55625 0.078125 0.1125
9 0.0421875 0.5484375 0.0734375 0.121875