24 0.90546875 0.5046875 0.0703125 0.08359375
24 0.8375 0.50546875 0.0609375 0.08203125
24 0.76953125 0.50703125 0.0625 0.08359375
10 0.70703125 0.5078125 0.0578125 0.08984375
10 0.64375 0.5078125 0.06171875 0.0875
10 0.57734375 0.50703125 0.05703125 0.0890625
14 0.5125 0.5046875 0.0578125 0.08515625
14 0.44609375 0.503125 0.05703125 0.0875
14 0.37890625 0.5046875 0.05390625 0.08984375
14 0.3140625 0.49921875 0.05234375 0.0875
12 0.246875 0.49765625 0.05234375 0.08359375
12 0.18046875 0.4953125 0.05546875 0.08515625
12 0.1109375 0.49453125 0.05546875 0.08671875
9 0.65234375 0.3828125 0.06171875 0.08125
9 0.58984375 0.38203125 0.05703125 0.084375