29 0.10390625 0.63203125 0.05234375 0.09765625
4 0.165625 0.63125 0.05390625 0.0921875
2 0.22265625 0.63046875 0.04921875 0.09140625
3 0.28671875 0.628125 0.0484375 0.0921875
4 0.34375 0.621875 0.05078125 0.08671875
6 0.40390625 0.6203125 0.0453125 0.08125
5 0.459375 0.61171875 0.05 0.08984375
0 0.515625 0.596875 0.046875 0.0859375
1 0.57578125 0.60078125 0.04453125 0.08515625
2 0.6296875 0.60625 0.04140625 0.084375
4 0.68359375 0.60546875 0.05 0.0859375
4 0.7421875 0.6046875 0.046875 0.0828125
8 0.8 0.6078125 0.0484375 0.084375
7 0.85546875 0.61171875 0.04921875 0.08984375
6 0.909375 0.60546875 0.046875 0.08125