26 0.903125 0.59375 0.059375 0.1046875
25 0.840625 0.59609375 0.059375 0.1046875
24 0.77890625 0.59921875 0.0625 0.103125
26 0.71640625 0.603125 0.0625 0.1078125
25 0.6546875 0.60546875 0.0625 0.1109375
24 0.59140625 0.60703125 0.0625 0.10625
22 0.5296875 0.609375 0.0625 0.10625
22 0.4671875 0.61328125 0.0640625 0.109375
21 0.40390625 0.615625 0.065625 0.1078125
20 0.340625 0.61875 0.065625 0.1078125
19 0.2765625 0.621875 0.0671875 0.1078125
18 0.2109375 0.625 0.06875 0.1109375
18 0.146875 0.6265625 0.0671875 0.10625
18 0.08203125 0.6296875 0.0609375 0.109375