7 0.30282444375 0.4492613421875 0.307447065625 0.39823712499999997 0.30592800468750003 0.391090509375 0.2434352328125 0.40062342500000003 0.2345531421875 0.46327972656250005 0.2469319265625 0.46114166250000005 0.30282444375 0.4492613421875
6 0.22933165312499998 0.45849308750000006 0.23689748906250002 0.40451190937500003 0.23573185468750002 0.39902803750000004 0.175049096875 0.410460915625 0.164821715625 0.4679083984375 0.208655878125 0.462887859375 0.22933165312499998 0.45849308750000006
5 0.16720866875 0.41483623437499995 0.166020315625 0.4092454734375 0.1277729953125 0.41618375937499996 0.107224215625 0.4205515375 0.0950115296875 0.47742699687499995 0.1493870390625 0.47069361875000004 0.15801721562499998 0.46885921875000003 0.16720866875 0.41483623437499995
1 0.309564821875 0.5229067671875 0.31393544218749997 0.45882337656249994 0.3138271890625 0.45831409062499995 0.24730577031249998 0.46896811562499996 0.2377842609375 0.5351152375 0.274503859375 0.5303592046875 0.309564821875 0.5229067671875
1 0.2326490046875 0.5280738796875 0.24006294062500003 0.472010659375 0.2382909078125 0.4636739 0.17542582499999998 0.47412793593749997 0.16077750625 0.542729940625 0.17489433593749998 0.5403500125 0.2326490046875 0.5280738796875
1 0.167396303125 0.4833558765625 0.16609225156250002 0.47722079375000004 0.1027658859375 0.48775154218749994 0.085376834375 0.5561827312500001 0.157071546875 0.5409435499999999 0.167396303125 0.4833558765625
3 0.3108366921875 0.6088964109375 0.3150890421875 0.5394027359375 0.3139231640625 0.533917715625 0.2426325875 0.5445745046875 0.23117212812500001 0.620590896875 0.29896528437500003 0.61141975625 0.3108366921875 0.6088964109375
3 0.22107833281249997 0.6135984750000001 0.23350665468749998 0.5388634859375 0.232936946875 0.536183221875 0.161119121875 0.5483335234375 0.1460516421875 0.6254800828125 0.21146643437499998 0.615641546875 0.22107833281249997 0.6135984750000001
3 0.15463081875 0.5585727687500001 0.15312135468750002 0.5514713046875 0.08331128593750001 0.5632819718750001 0.064399034375 0.64257845 0.14071058281249998 0.6272930890625 0.15463081875 0.5585727687500001
41 0.1828973671875 0.6314347437500001 0.181648434375 0.6255589796875001 0.10497006718749999 0.6407100406249999 0.09227900781250001 0.7336252328125 0.175710165625 0.7158913921875001 0.1828973671875 0.6314347437500001
30 0.2645797609375 0.7161704624999999 0.28048951875 0.6246267078125001 0.279988875 0.622271365625 0.20050806250000003 0.628332453125 0.17753306875 0.726425584375 0.245417 0.7202436343749999 0.2645797609375 0.7161704624999999
6 0.9520672640625 0.3196398171875 0.9178255546875 0.26692717187500004 0.8666676203125 0.2766983375 0.8484520968749999 0.2805701671875 0.8798172031249999 0.337830903125 0.930703334375 0.32858082187500004 0.9529620765625 0.3238495796875 0.9520672640625 0.3196398171875
5 0.8036760515625 0.351416665625 0.8592166015625 0.34058098124999997 0.8758945703125001 0.33703596875 0.8750684703125 0.333149471875 0.8466355640625001 0.279881246875 0.776062009375 0.292958765625 0.8036760515625 0.351416665625
4 0.7257005999999999 0.370558090625 0.8013300078125001 0.3544825640625 0.8013072875 0.3543756765625 0.7754773609375001 0.29893161875 0.7050890015625 0.3121801515625 0.7257005999999999 0.370558090625
35 0.6484836484375001 0.3773866171875 0.7199063421874999 0.3622052546875 0.7175481312499999 0.3511107453125 0.7009926890625 0.30648128125 0.6330874671875 0.3194123625 0.6484836484375001 0.3773866171875
35 0.645959665625 0.3825587734375 0.635928421875 0.3353654875 0.632019996875 0.3208112359375 0.5638875 0.3350919015625 0.57564551875 0.3947803671875 0.645959665625 0.3825587734375