30 0.09375 0.62734375 0.075 0.10625
41 0.15078125 0.61171875 0.075 0.1046875
12 0.20703125 0.6 0.075 0.10625
13 0.2640625 0.584375 0.0734375 0.10625
14 0.3203125 0.56953125 0.0734375 0.103125
14 0.53984375 0.50390625 0.0734375 0.10625
15 0.5984375 0.48984375 0.0734375 0.1046875
16 0.653125 0.475 0.075 0.1046875
24 0.37578125 0.5515625 0.0765625 0.10625
25 0.43125 0.53515625 0.071875 0.103125
26 0.4859375 0.5203125 0.0734375 0.10625
20 0.7109375 0.46328125 0.075 0.103125
21 0.76640625 0.446875 0.0765625 0.10625
22 0.82109375 0.434375 0.075 0.10625
23 0.87734375 0.42265625 0.0703125 0.103125
23 0.93203125 0.40625 0.071875 0.103125