27 0.10078125 0.409375 0.065625 0.0984375
26 0.1625 0.4234375 0.0734375 0.096875
26 0.22265625 0.43359375 0.0703125 0.096875
20 0.28203125 0.44609375 0.0640625 0.0921875
20 0.34140625 0.45625 0.0625 0.0828125
33 0.40234375 0.46640625 0.059375 0.084375
33 0.46171875 0.47578125 0.0625 0.0796875
34 0.51875 0.48515625 0.05625 0.078125
34 0.57734375 0.49609375 0.0578125 0.08125
35 0.6390625 0.50625 0.05625 0.0765625
35 0.69609375 0.51640625 0.0546875 0.0796875
31 0.7515625 0.5265625 0.059375 0.0796875
31 0.81171875 0.53671875 0.05625 0.078125
32 0.86640625 0.55 0.0625 0.08125
32 0.92578125 0.559375 0.0609375 0.0875