28 0.11875 0.328125 0.06875 0.096875
30 0.178125 0.3390625 0.0640625 0.0890625
22 0.58203125 0.52421875 0.0671875 0.090625
22 0.51953125 0.51171875 0.0640625 0.0859375
22 0.45703125 0.50234375 0.059375 0.0921875
2 0.39296875 0.49296875 0.065625 0.090625
2 0.33046875 0.48359375 0.0640625 0.0890625
2 0.26953125 0.4734375 0.0625 0.0890625
26 0.2109375 0.4625 0.065625 0.0875
26 0.15 0.4546875 0.0703125 0.0921875
14 0.9375 0.4453125 0.071875 0.090625
14 0.87265625 0.43671875 0.071875 0.0890625
14 0.809375 0.4296875 0.0671875 0.0875
14 0.746875 0.4203125 0.06875 0.0875
3 0.68515625 0.4140625 0.065625 0.090625
3 0.62421875 0.4015625 0.059375 0.08125
3 0.56484375 0.3953125 0.0640625 0.0875