14 0.93125 0.4796875 0.065625 0.10625
15 0.86328125 0.49375 0.059375 0.1046875
16 0.8015625 0.51328125 0.0734375 0.1109375
17 0.7328125 0.52890625 0.0671875 0.109375
13 0.6671875 0.5421875 0.0671875 0.109375
14 0.596875 0.5609375 0.075 0.11875
15 0.528125 0.57265625 0.06875 0.1109375
10 0.4625 0.58828125 0.06875 0.109375
11 0.3921875 0.59296875 0.075 0.1140625
12 0.325 0.62265625 0.0734375 0.115625
15 0.25234375 0.63046875 0.0703125 0.1234375
16 0.18359375 0.65546875 0.075 0.1125
17 0.10859375 0.6671875 0.06875 0.115625
29 0.04765625 0.68046875 0.06875 0.1125