7 0.75703125 0.66875 0.109375 0.15625
7 0.67421875 0.65 0.109375 0.15625
7 0.5921875 0.63046875 0.1109375 0.1578125
6 0.50859375 0.6109375 0.1109375 0.1578125
5 0.4265625 0.59140625 0.1125 0.159375
5 0.34375 0.57265625 0.1140625 0.159375
4 0.25859375 0.55390625 0.1171875 0.1609375
3 0.17265625 0.534375 0.1203125 0.1609375
3 0.703125 0.50703125 0.1109375 0.1578125
2 0.62109375 0.4859375 0.1109375 0.1546875
1 0.5390625 0.4671875 0.1109375 0.1546875
2 0.4578125 0.44921875 0.1109375 0.1546875
1 0.375 0.43046875 0.1140625 0.1578125
0 0.2921875 0.40703125 0.1140625 0.15625