4 0.93984375 0.53125 0.0546875 0.0859375
5 0.890625 0.53515625 0.0484375 0.090625
6 0.83359375 0.5421875 0.053125 0.0890625
5 0.78125 0.546875 0.0546875 0.0921875
6 0.72890625 0.5515625 0.0546875 0.090625
7 0.67734375 0.55625 0.0546875 0.090625
34 0.62578125 0.5609375 0.0546875 0.0875
34 0.57421875 0.56640625 0.05625 0.0921875
31 0.5234375 0.57109375 0.0546875 0.0921875
31 0.47265625 0.57578125 0.05625 0.0921875
31 0.42265625 0.58046875 0.0578125 0.0921875
33 0.371875 0.584375 0.05625 0.0921875
33 0.31953125 0.5890625 0.0546875 0.0890625
33 0.26953125 0.59296875 0.0578125 0.090625
41 0.21796875 0.596875 0.05625 0.0890625
30 0.16796875 0.603125 0.059375 0.0890625
29 0.11640625 0.60703125 0.0578125 0.0890625
28 0.06640625 0.6109375 0.053125 0.0859375