14 0.89375 0.64921875 0.0609375 0.090625
14 0.8359375 0.640625 0.0625 0.103125
15 0.778125 0.63203125 0.0625 0.1
16 0.721875 0.62734375 0.0625 0.096875
17 0.66484375 0.61484375 0.0625 0.0921875
13 0.60546875 0.6078125 0.0640625 0.0984375
14 0.54453125 0.59921875 0.0671875 0.1
15 0.48671875 0.5875 0.0671875 0.1046875
10 0.42734375 0.578125 0.06875 0.1015625
11 0.3703125 0.5625 0.0703125 0.1109375
12 0.30703125 0.56328125 0.0796875 0.1171875
15 0.24921875 0.54765625 0.08125 0.115625
16 0.18515625 0.54375 0.0828125 0.1171875
17 0.1234375 0.534375 0.0828125 0.11875
29 0.0609375 0.5234375 0.0796875 0.1140625