8 0.85390625 0.53671875 0.0953125 0.15625
8 0.76875 0.546875 0.0984375 0.15625
8 0.68046875 0.55859375 0.0984375 0.1546875
7 0.5921875 0.5703125 0.1015625 0.15625
6 0.50546875 0.58203125 0.1015625 0.159375
5 0.41796875 0.59296875 0.1015625 0.1609375
5 0.33046875 0.6046875 0.10625 0.1609375
5 0.240625 0.6171875 0.1046875 0.159375
5 0.15078125 0.62890625 0.1078125 0.159375
0 0.6578125 0.409375 0.1 0.153125
0 0.571875 0.4203125 0.0984375 0.1546875
4 0.4859375 0.43203125 0.1 0.1546875
3 0.3984375 0.4421875 0.1015625 0.1546875
2 0.31171875 0.45234375 0.1046875 0.153125