14 0.9421875 0.5265625 0.04375 0.06796875
14 0.875 0.52578125 0.040625 0.06953125
16 0.81015625 0.52578125 0.03984375 0.0703125
12 0.74375 0.52578125 0.040625 0.06484375
12 0.66953125 0.52578125 0.04140625 0.075
10 0.6125 0.5265625 0.04140625 0.075
16 0.5578125 0.52734375 0.0390625 0.07109375
15 0.490625 0.52578125 0.04140625 0.06875
10 0.43125 0.525 0.0359375 0.06953125
9 0.36015625 0.5265625 0.03828125 0.0671875
14 0.28984375 0.525 0.04296875 0.07265625
9 0.21484375 0.528125 0.03984375 0.07578125
13 0.14296875 0.5234375 0.03671875 0.06953125
16 0.06015625 0.52421875 0.03671875 0.07109375