36 0.77265625 0.64921875 0.05625 0.075
36 0.71484375 0.64296875 0.053125 0.06875
36 0.65625 0.64140625 0.0578125 0.075
36 0.60078125 0.63203125 0.059375 0.0734375
2 0.89453125 0.65703125 0.0640625 0.0953125
2 0.83203125 0.65390625 0.0671875 0.0984375
5 0.31171875 0.6125 0.0609375 0.0921875
4 0.25390625 0.60859375 0.0546875 0.090625
8 0.5390625 0.62734375 0.053125 0.08125
8 0.196875 0.5984375 0.0515625 0.0859375
7 0.4828125 0.62578125 0.0640625 0.0953125
7 0.140625 0.6015625 0.053125 0.0890625
6 0.425 0.61953125 0.05625 0.0890625
6 0.36640625 0.61484375 0.0578125 0.0921875
6 0.078125 0.5921875 0.059375 0.0890625