41 0.45703125 0.5 0.05078125 0.06640625
32 0.9 0.47890625 0.05 0.05546875
32 0.84453125 0.48203125 0.0453125 0.06328125
32 0.79140625 0.48828125 0.04609375 0.0625
22 0.73515625 0.48828125 0.05078125 0.06171875
23 0.68046875 0.496875 0.04375 0.06796875
24 0.62421875 0.4984375 0.05078125 0.0703125
25 0.56875 0.50078125 0.0453125 0.07265625
25 0.5140625 0.5015625 0.04453125 0.07109375
21 0.3984375 0.50234375 0.0453125 0.06484375
21 0.34375 0.5015625 0.04375 0.0640625
21 0.28671875 0.50234375 0.0484375 0.06484375
21 0.2296875 0.50390625 0.04609375 0.06328125
18 0.17578125 0.5015625 0.046875 0.0640625
19 0.11640625 0.5046875 0.03984375 0.0671875
20 0.06015625 0.50625 0.03671875 0.06484375