38 0.97109375 0.68828125 0.0578125 0.0828125
6 0.8703125 0.71328125 0.0640625 0.0796875
6 0.821875 0.72578125 0.059375 0.075
6 0.775 0.7328125 0.0578125 0.0703125
6 0.72890625 0.74921875 0.0578125 0.0734375
8 0.5421875 0.8015625 0.0515625 0.071875
8 0.496875 0.8140625 0.0546875 0.0734375
8 0.45 0.825 0.0578125 0.075
31 0.6796875 0.7625 0.0546875 0.06875
31 0.634375 0.77421875 0.053125 0.0703125
31 0.5875 0.7875 0.053125 0.0703125
37 0.4015625 0.8375 0.05 0.0671875
37 0.3546875 0.84921875 0.053125 0.0671875
37 0.30703125 0.86015625 0.05625 0.0734375
34 0.2609375 0.875 0.0515625 0.071875
34 0.21328125 0.8890625 0.0484375 0.0734375