14 0.18984375 0.51328125 0.053125 0.08125
14 0.240625 0.5046875 0.05625 0.078125
14 0.29296875 0.4953125 0.0546875 0.0875
10 0.34453125 0.48046875 0.0578125 0.0859375
10 0.3984375 0.46953125 0.0546875 0.0796875
10 0.4484375 0.4609375 0.053125 0.0796875
11 0.4984375 0.4515625 0.05625 0.0828125
12 0.54765625 0.440625 0.05625 0.078125
13 0.59921875 0.4296875 0.0578125 0.0796875
16 0.65234375 0.41875 0.05625 0.0828125
16 0.70546875 0.40859375 0.05625 0.08125
31 0.75546875 0.39609375 0.053125 0.071875
31 0.8078125 0.38515625 0.05625 0.078125
31 0.85703125 0.37109375 0.0515625 0.0765625
29 0.02890625 0.55 0.0578125 0.090625