29 0.11640625 0.51484375 0.0515625 0.0765625
38 0.06171875 0.5109375 0.0640625 0.084375
8 0.89765625 0.628125 0.0640625 0.0859375
8 0.8375 0.625 0.0625 0.0921875
4 0.778125 0.6171875 0.0625 0.0921875
5 0.72109375 0.60703125 0.059375 0.090625
6 0.6640625 0.5984375 0.0578125 0.0875
2 0.60703125 0.5921875 0.0578125 0.0875
1 0.55078125 0.5828125 0.059375 0.090625
0 0.49609375 0.57578125 0.0546875 0.090625
0 0.4421875 0.56640625 0.0578125 0.0921875
0 0.38515625 0.56015625 0.05625 0.0953125
0 0.33046875 0.55234375 0.0546875 0.09375
6 0.27578125 0.54453125 0.053125 0.0875
5 0.225 0.53671875 0.05625 0.0859375
4 0.17109375 0.52890625 0.05625 0.084375