40 0.11484375 0.578125 0.059375 0.090625
30 0.16796875 0.57109375 0.0546875 0.0890625
12 0.22109375 0.5640625 0.053125 0.0859375
12 0.2734375 0.5578125 0.05625 0.0890625
12 0.3265625 0.5515625 0.053125 0.0890625
10 0.37890625 0.54453125 0.05625 0.0921875
10 0.4328125 0.53984375 0.05625 0.0875
10 0.48515625 0.53203125 0.0578125 0.0921875
17 0.53828125 0.5265625 0.05625 0.0875
17 0.5921875 0.51953125 0.0578125 0.090625
17 0.64609375 0.51171875 0.05625 0.0890625
13 0.6984375 0.50625 0.0578125 0.0890625
13 0.753125 0.49921875 0.0578125 0.090625
13 0.80703125 0.49375 0.059375 0.090625
14 0.8625 0.4875 0.05625 0.0890625
14 0.9171875 0.48203125 0.0578125 0.0921875