30 0.1078125 0.69140625 0.06875 0.090625
28 0.1625 0.6765625 0.05625 0.078125
39 0.20859375 0.6671875 0.05625 0.0796875
38 0.253125 0.65234375 0.0625 0.0796875
14 0.29921875 0.64453125 0.053125 0.0734375
14 0.34453125 0.6328125 0.05625 0.0765625
14 0.390625 0.61953125 0.0578125 0.075
14 0.43515625 0.6078125 0.0546875 0.0734375
35 0.609375 0.5609375 0.0578125 0.0765625
35 0.65546875 0.54921875 0.059375 0.075
35 0.7 0.53671875 0.053125 0.0703125
21 0.56484375 0.575 0.053125 0.06875
21 0.5234375 0.5859375 0.0484375 0.06875
21 0.47734375 0.5953125 0.05 0.0671875
26 0.74296875 0.525 0.0578125 0.0734375
26 0.78828125 0.51328125 0.05625 0.0734375
34 0.83359375 0.503125 0.05 0.0703125
34 0.875 0.48984375 0.053125 0.0734375
34 0.91875 0.478125 0.05 0.06875