34 0.903125 0.3890625 0.08125 0.11875
34 0.84140625 0.40234375 0.08125 0.1171875
34 0.7796875 0.41796875 0.0828125 0.1203125
26 0.71796875 0.43203125 0.084375 0.1203125
16 0.65390625 0.44765625 0.084375 0.1203125
15 0.58828125 0.4578125 0.084375 0.11875
16 0.52421875 0.47421875 0.084375 0.1171875
16 0.4625 0.4890625 0.084375 0.11875
13 0.39921875 0.5015625 0.084375 0.1171875
12 0.33515625 0.51640625 0.0875 0.1203125
11 0.26875 0.53046875 0.090625 0.1203125
12 0.203125 0.546875 0.0875 0.1203125
11 0.13671875 0.56171875 0.090625 0.121875
10 0.0703125 0.575 0.084375 0.125