28 0.125 0.31484375 0.071875 0.0984375
30 0.18359375 0.32734375 0.0671875 0.090625
22 0.58125 0.52734375 0.0703125 0.0921875
22 0.51953125 0.5125 0.065625 0.0875
22 0.45703125 0.50078125 0.0609375 0.09375
2 0.39296875 0.4890625 0.06875 0.0921875
2 0.33125 0.47734375 0.065625 0.090625
2 0.2703125 0.46484375 0.065625 0.090625
26 0.2125 0.45234375 0.0671875 0.0890625
26 0.1515625 0.4421875 0.0734375 0.09375
14 0.9390625 0.4609375 0.075 0.0921875
14 0.875 0.44921875 0.075 0.090625
14 0.81171875 0.440625 0.06875 0.0890625
14 0.75 0.42890625 0.0703125 0.0890625
3 0.6875 0.4203125 0.06875 0.0921875
3 0.62734375 0.40625 0.0625 0.0828125
3 0.56875 0.39765625 0.065625 0.0890625