31 0.89921875 0.53828125 0.071875 0.109375
31 0.83828125 0.5296875 0.0703125 0.1109375
31 0.77578125 0.52109375 0.071875 0.1109375
33 0.7125 0.51171875 0.075 0.109375
33 0.6484375 0.5046875 0.075 0.1125
33 0.5859375 0.49453125 0.0703125 0.1109375
35 0.521875 0.48359375 0.071875 0.1109375
35 0.4578125 0.475 0.0734375 0.1125
35 0.39375 0.465625 0.071875 0.1109375
8 0.32890625 0.45703125 0.0734375 0.1140625
8 0.26328125 0.4453125 0.0734375 0.1140625
0 0.19609375 0.43828125 0.0734375 0.1109375
0 0.13125 0.428125 0.0734375 0.1109375
0 0.0640625 0.41875 0.0734375 0.115625