37 0.93359375 0.57265625 0.0640625 0.1046875
8 0.87109375 0.584375 0.065625 0.1078125
8 0.81015625 0.59453125 0.065625 0.10625
0 0.7421875 0.60703125 0.0671875 0.115625
26 0.678125 0.615625 0.06875 0.1078125
18 0.609375 0.62578125 0.0703125 0.1046875
33 0.53828125 0.640625 0.0671875 0.1109375
36 0.46953125 0.6484375 0.0671875 0.103125
35 0.39765625 0.66171875 0.0671875 0.109375
31 0.32578125 0.67890625 0.0671875 0.1125
32 0.25625 0.690625 0.0703125 0.1125
9 0.17890625 0.7015625 0.071875 0.109375
9 0.103125 0.71484375 0.0703125 0.1078125