31 0.8234375 0.4125 0.059375 0.065625
31 0.76328125 0.4171875 0.0546875 0.065625
31 0.70390625 0.42109375 0.05625 0.0734375
10 0.64453125 0.42421875 0.0578125 0.071875
10 0.58515625 0.42109375 0.0484375 0.0625
10 0.52734375 0.425 0.0515625 0.0671875
16 0.46953125 0.4296875 0.046875 0.0578125
16 0.41484375 0.43203125 0.053125 0.065625
16 0.36015625 0.4375 0.0484375 0.065625
16 0.30546875 0.4359375 0.046875 0.0609375
5 0.25390625 0.4390625 0.05625 0.0625
5 0.2046875 0.4421875 0.053125 0.0625
5 0.14921875 0.44609375 0.053125 0.065625
0 0.884375 0.4078125 0.0578125 0.0734375
0 0.9453125 0.40390625 0.059375 0.0703125