20 0.07890625 0.51015625 0.0515625 0.1078125
20 0.14765625 0.52265625 0.0546875 0.10625
24 0.215625 0.5265625 0.0609375 0.1109375
25 0.28359375 0.53046875 0.059375 0.10625
26 0.346875 0.534375 0.0609375 0.109375
18 0.41328125 0.53828125 0.0625 0.1046875
19 0.48125 0.54609375 0.0640625 0.10625
20 0.54765625 0.5484375 0.0671875 0.10625
18 0.6125 0.55625 0.065625 0.10625
19 0.68046875 0.56015625 0.065625 0.1046875
20 0.746875 0.5671875 0.0671875 0.1046875
21 0.81484375 0.571875 0.0640625 0.109375
22 0.8828125 0.5765625 0.0625 0.103125
23 0.94453125 0.58203125 0.0625 0.1046875