40 0.06484375 0.5734375 0.0765625 0.1125
20 0.9609375 0.51953125 0.0703125 0.1125
20 0.89765625 0.52421875 0.06875 0.1125
21 0.83046875 0.5234375 0.0703125 0.1125
22 0.76875 0.528125 0.0703125 0.1125
23 0.70625 0.53359375 0.0703125 0.109375
23 0.6421875 0.53515625 0.0671875 0.1109375
24 0.5796875 0.540625 0.0703125 0.1078125
25 0.515625 0.5421875 0.0671875 0.1109375
24 0.4515625 0.546875 0.0671875 0.1125
25 0.3859375 0.55 0.0640625 0.1109375
26 0.3203125 0.55390625 0.0703125 0.1125
19 0.2546875 0.559375 0.0609375 0.10625
19 0.19296875 0.5625 0.0640625 0.103125
19 0.1265625 0.56484375 0.059375 0.10625