37 0.83359375 0.290625 0.05546875 0.08671875
37 0.78125 0.30078125 0.05625 0.08828125
37 0.7234375 0.29765625 0.05234375 0.08671875
31 0.57578125 0.44375 0.05234375 0.10390625
31 0.5109375 0.46171875 0.053125 0.11328125
17 0.44296875 0.48515625 0.059375 0.11875
17 0.371875 0.49140625 0.06015625 0.12265625
17 0.29765625 0.49921875 0.065625 0.125
16 0.67265625 0.3203125 0.0484375 0.10078125
16 0.61875 0.3265625 0.04296875 0.09609375
16 0.55703125 0.3296875 0.0421875 0.10234375
16 0.4984375 0.34375 0.05703125 0.10234375
10 0.4359375 0.35703125 0.053125 0.10234375
10 0.36875 0.36015625 0.059375 0.1078125
10 0.2953125 0.3671875 0.06328125 0.11171875
41 0.13359375 0.3484375 0.0609375 0.115625
27 0.0546875 0.34296875 0.065625 0.11640625
30 0.21171875 0.34765625 0.06328125 0.12109375