17 0.84921875 0.52265625 0.0515625 0.0921875
17 0.79453125 0.52109375 0.0515625 0.09375
17 0.73671875 0.515625 0.0546875 0.09375
16 0.68046875 0.51328125 0.0546875 0.0953125
16 0.6234375 0.51015625 0.0578125 0.0953125
16 0.5671875 0.5078125 0.0578125 0.096875
15 0.51015625 0.50390625 0.05625 0.09375
14 0.453125 0.50078125 0.0546875 0.0953125
12 0.396875 0.4953125 0.0578125 0.0953125
11 0.33671875 0.49140625 0.05625 0.096875
10 0.27890625 0.4890625 0.053125 0.09375
9 0.2203125 0.48671875 0.0546875 0.0953125
9 0.1640625 0.4828125 0.053125 0.090625
9 0.10390625 0.47734375 0.0546875 0.1