30 0.0734375 0.53359375 0.0765625 0.0921875
17 0.89375 0.5921875 0.065625 0.084375
17 0.82890625 0.60078125 0.0625 0.0859375
17 0.76484375 0.60390625 0.059375 0.0828125
31 0.703125 0.61328125 0.059375 0.0859375
31 0.63984375 0.6171875 0.0609375 0.0890625
36 0.578125 0.6203125 0.0640625 0.084375
36 0.515625 0.62578125 0.059375 0.0828125
34 0.45390625 0.63125 0.0546875 0.08125
34 0.38984375 0.63515625 0.0515625 0.0828125
33 0.3296875 0.6390625 0.05 0.075
33 0.26953125 0.640625 0.05 0.0765625
33 0.20546875 0.646875 0.0484375 0.08125
9 0.1453125 0.6578125 0.059375 0.0875