40 0.10859375 0.53046875 0.04921875 0.08515625
30 0.16171875 0.53046875 0.04609375 0.084375
12 0.215625 0.5296875 0.04375 0.08203125
12 0.26796875 0.5296875 0.046875 0.084375
12 0.321875 0.5296875 0.04296875 0.084375
10 0.37421875 0.5296875 0.04609375 0.08671875
10 0.428125 0.53125 0.04609375 0.0828125
10 0.48125 0.5296875 0.046875 0.08671875
17 0.534375 0.53125 0.046875 0.0828125
17 0.5890625 0.53046875 0.04765625 0.08671875
17 0.64375 0.5296875 0.046875 0.084375
13 0.69609375 0.53046875 0.04921875 0.084375
13 0.7515625 0.53046875 0.04765625 0.08671875
13 0.80546875 0.53125 0.05 0.08515625
14 0.8609375 0.53203125 0.046875 0.084375
14 0.91640625 0.5328125 0.046875 0.0875