4 0.92578125 0.44296875 0.08125 0.09375
4 0.8609375 0.45625 0.071875 0.0921875
4 0.80234375 0.4703125 0.0703125 0.0859375
36 0.7375 0.48046875 0.075 0.090625
36 0.671875 0.49296875 0.071875 0.0890625
36 0.6109375 0.5046875 0.06875 0.0890625
8 0.5484375 0.52109375 0.0703125 0.0890625
8 0.4859375 0.53203125 0.0703125 0.09375
8 0.4234375 0.5453125 0.06875 0.090625
0 0.36015625 0.55625 0.071875 0.0890625
0 0.29375 0.56953125 0.0625 0.0859375
33 0.22578125 0.58515625 0.059375 0.0734375
33 0.16328125 0.59921875 0.0625 0.0734375
33 0.09765625 0.609375 0.0609375 0.0859375