34 0.92265625 0.415625 0.0828125 0.1125
34 0.86328125 0.43046875 0.0796875 0.1109375
34 0.80625 0.44765625 0.08125 0.1109375
36 0.746875 0.4625 0.0828125 0.1109375
36 0.6890625 0.47890625 0.0828125 0.1125
14 0.6296875 0.49375 0.0828125 0.1109375
14 0.57109375 0.5078125 0.08125 0.1125
14 0.5140625 0.521875 0.08125 0.1109375
11 0.45625 0.53828125 0.08125 0.1109375
10 0.3984375 0.55234375 0.078125 0.1078125
9 0.340625 0.56953125 0.0765625 0.109375
12 0.2828125 0.58359375 0.075 0.109375
11 0.225 0.6 0.075 0.1078125
10 0.16640625 0.61640625 0.075 0.1078125
40 0.109375 0.62734375 0.075 0.10625
29 0.05 0.6421875 0.075 0.1078125