38 0.25 0.6453125 0.0609375 0.0875
30 0.1859375 0.6546875 0.0703125 0.0890625
37 0.8171875 0.57109375 0.0703125 0.0859375
37 0.75390625 0.58046875 0.0703125 0.084375
37 0.690625 0.590625 0.06875 0.0921875
33 0.62890625 0.59765625 0.059375 0.0796875
33 0.565625 0.60390625 0.0578125 0.0734375
33 0.5015625 0.6078125 0.0546875 0.0765625
22 0.71875 0.71875 0.0671875 0.09375
22 0.64609375 0.728125 0.0640625 0.0828125
22 0.57734375 0.7421875 0.0609375 0.090625
24 0.50859375 0.75234375 0.065625 0.0984375
24 0.43984375 0.7625 0.065625 0.0984375
18 0.4390625 0.61796875 0.059375 0.0828125
18 0.37734375 0.6234375 0.059375 0.078125
18 0.31640625 0.634375 0.0578125 0.0828125