31 0.83515625 0.5046875 0.065625 0.071875
31 0.7765625 0.49296875 0.0609375 0.071875
31 0.7171875 0.4796875 0.065625 0.0796875
10 0.659375 0.4671875 0.065625 0.078125
10 0.60390625 0.44765625 0.05625 0.0671875
10 0.546875 0.4359375 0.059375 0.071875
16 0.48984375 0.4234375 0.0546875 0.0625
16 0.43671875 0.41171875 0.059375 0.0703125
16 0.3828125 0.4015625 0.05625 0.0703125
16 0.33046875 0.38515625 0.053125 0.065625
5 0.28046875 0.3734375 0.0625 0.06875
5 0.23203125 0.36328125 0.0609375 0.06875
5 0.17734375 0.3515625 0.0609375 0.0703125
0 0.89453125 0.51796875 0.0671875 0.0796875
0 0.9546875 0.53046875 0.0671875 0.0765625