7 0.4828125 0.59296875 0.08125 0.134375
7 0.4046875 0.58984375 0.0828125 0.134375
7 0.32734375 0.58515625 0.0828125 0.134375
5 0.7953125 0.47890625 0.078125 0.1265625
5 0.7203125 0.47421875 0.078125 0.128125
5 0.64375 0.46953125 0.08125 0.1296875
2 0.56640625 0.46640625 0.078125 0.1328125
2 0.4921875 0.4609375 0.0796875 0.1296875
2 0.41640625 0.45625 0.08125 0.13125
2 0.3390625 0.453125 0.08125 0.1328125
1 0.26171875 0.446875 0.08125 0.1296875
0 0.63515625 0.603125 0.08125 0.1328125
0 0.559375 0.59609375 0.078125 0.1296875
0 0.184375 0.44140625 0.0828125 0.1328125