38 0.2359375 0.61796875 0.0515625 0.08359375
30 0.17109375 0.62109375 0.0625 0.08203125
37 0.8078125 0.60390625 0.06328125 0.07890625
37 0.74375 0.60625 0.0609375 0.078125
37 0.68046875 0.61015625 0.059375 0.08515625
33 0.61796875 0.6109375 0.05234375 0.075
33 0.5546875 0.61015625 0.05078125 0.06875
33 0.490625 0.6078125 0.04765625 0.07265625
22 0.69453125 0.740625 0.05859375 0.0890625
22 0.62109375 0.7421875 0.05625 0.078125
22 0.5515625 0.74921875 0.05234375 0.08671875
24 0.48203125 0.7515625 0.05625 0.09296875
24 0.4125 0.7546875 0.0546875 0.09296875
18 0.42734375 0.6109375 0.05078125 0.07890625
18 0.36484375 0.61015625 0.05234375 0.07421875
18 0.303125 0.6140625 0.05078125 0.07890625