26 0.9546875 0.465625 0.0671875 0.09375
25 0.8921875 0.4734375 0.0609375 0.09375
24 0.834375 0.478125 0.0625 0.090625
23 0.77890625 0.48203125 0.0578125 0.0890625
22 0.7203125 0.484375 0.0640625 0.0921875
21 0.6625 0.49375 0.0625 0.0890625
19 0.575 0.49921875 0.059375 0.09375
19 0.5171875 0.50546875 0.053125 0.0921875
24 0.396875 0.52109375 0.0625 0.09375
23 0.340625 0.528125 0.0640625 0.0921875
22 0.278125 0.52890625 0.0609375 0.0875
31 0.15703125 0.54453125 0.05625 0.084375
31 0.096875 0.553125 0.0609375 0.0890625
31 0.03671875 0.55703125 0.05625 0.0875