41 0.3182487796875 0.37019738593749996 0.3176029265625 0.3640524953125 0.288785878125 0.36665993750000003 0.266687484375 0.368982571875 0.25658294531250003 0.4487429328125 0.2950273984375 0.4461303671875 0.3127188984375 0.44427091562500004 0.3182487796875 0.37019738593749996
40 0.2602319125 0.3712827796875 0.2599013578125 0.3681377609375 0.208693515625 0.372771178125 0.19589779062499998 0.4518359890625 0.24980399531250003 0.44617021875 0.2602319125 0.3712827796875
28 0.2043945390625 0.3781566015625 0.20395675156249998 0.373991325 0.15197921875 0.37855500468750003 0.1381392859375 0.458872503125 0.19069689843749998 0.45351103437500007 0.2043945390625 0.3781566015625
27 0.1319724140625 0.453841496875 0.146564775 0.38102216875 0.14581127968750002 0.37385314062499997 0.0948487609375 0.3783277 0.0764283546875 0.45624181718749995 0.1304220203125 0.45400444999999995 0.1319724140625 0.453841496875
34 0.5069668453125 0.41128578125 0.503767925 0.3564724359375 0.5010435796875 0.3305520234375 0.4457662765625 0.3370094796875 0.44751248749999994 0.4162222671875 0.48869620625000004 0.41320610156250004 0.5069668453125 0.41128578125
34 0.44203526093749995 0.3521005546875 0.4408359296875 0.340689675 0.3848829296875 0.3457822140625 0.38235261875000004 0.4259543703125 0.44366739375 0.419509928125 0.44203526093749995 0.3521005546875
34 0.38145819687500004 0.35872346875 0.3806461046875 0.3509969328125 0.3233971390625 0.35574983437499996 0.3180019953125 0.434289 0.37870748593750003 0.4279085953125 0.38145819687500004 0.35872346875
31 0.9666572359375 0.5003667843749999 0.9663568265625001 0.4975085734375 0.9301255984375001 0.40451656406250003 0.9295808765625001 0.40457381718749996 0.8649063343750001 0.41249147812500003 0.8946922875000001 0.5087915828125 0.9216732796875 0.505955765625 0.9666572359375 0.5003667843749999
31 0.8350115109375 0.5166353921875 0.88591386875 0.5094451953125 0.88561955625 0.506645009375 0.8550273125000001 0.4148527921875 0.78981155625 0.422836709375 0.8159693984375 0.5186367984375 0.8350115109375 0.5166353921875
17 0.776428809375 0.5306482156250001 0.8090970234375 0.52598581875 0.8086888265625 0.5221020796875 0.7832336015625 0.432995990625 0.7180178453125 0.44097990625000005 0.74013313125 0.5344630453125 0.776428809375 0.5306482156250001
17 0.6618054859375 0.5426956125 0.7284198640625 0.535694159375 0.7261616515625 0.5142087015625 0.7097015875 0.442279078125 0.6470538343750001 0.4505278125 0.6618054859375 0.5426956125
17 0.6541088078125 0.5461796125 0.6530245531250001 0.53586361875 0.6373299890624999 0.4510016890625 0.626287553125 0.452162296875 0.574629275 0.4589640640625 0.5851335062499999 0.553896375 0.6269060718749999 0.5495059015625 0.6541088078125 0.5461796125
13 0.5137934078125 0.5503967750000001 0.5784249499999999 0.5436037265625 0.577337559375 0.5332578828125001 0.5680131125 0.45041242812500004 0.5053653625 0.45866116406249996 0.5137934078125 0.5503967750000001
13 0.5058797265625 0.55594185625 0.4958782140625 0.4607838203125 0.43682476562500006 0.46920451874999997 0.4426747015625 0.562584971875 0.5058797265625 0.55594185625
13 0.4370546609375 0.5583890578124999 0.43201834687499996 0.481017196875 0.4300826015625 0.46259981562499997 0.37151161250000003 0.47119305625 0.37274673593749996 0.5652213781250001 0.42835004843749996 0.5593772343750001 0.4370546609375 0.5583890578124999
12 0.3670417125 0.563703034375 0.364830625 0.4845362421875 0.3632100734375 0.4691177171875 0.30509420781249996 0.4776441875 0.3007383609375 0.57121865625 0.3394095546875 0.56715415 0.3670417125 0.563703034375
11 0.2998085890625 0.493712315625 0.2986252484375 0.48245358749999995 0.24079093125 0.4909387484375 0.23357987812499997 0.5829906171875 0.2977710375 0.5762438546875 0.2998085890625 0.493712315625
10 0.23213106093749997 0.5714853 0.2376173671875 0.48497755 0.2368194609375 0.47738597499999996 0.2147735203125 0.47970309687499996 0.17896558125 0.48448432500000005 0.1689725078125 0.578783378125 0.20173520625000002 0.5753398796875 0.23213106093749997 0.5714853