17 0.88828125 0.659375 0.06875 0.1078125
17 0.8265625 0.6515625 0.0703125 0.1125
17 0.765625 0.6453125 0.06875 0.1125
15 0.70390625 0.63671875 0.071875 0.1125
15 0.64296875 0.62734375 0.0703125 0.1125
15 0.58125 0.61875 0.0734375 0.1125
13 0.51953125 0.609375 0.0734375 0.109375
13 0.45859375 0.6015625 0.0734375 0.1125
13 0.3984375 0.59453125 0.0734375 0.1109375
11 0.33828125 0.5859375 0.0734375 0.1140625
11 0.27421875 0.57734375 0.0765625 0.1140625
11 0.21171875 0.56953125 0.078125 0.1140625
9 0.1484375 0.5609375 0.078125 0.1140625
9 0.0875 0.5515625 0.0671875 0.109375