7 0.934375 0.56015625 0.08125 0.1375
7 0.87265625 0.553125 0.0703125 0.13125
4 0.81328125 0.5453125 0.075 0.1296875
4 0.753125 0.5359375 0.0765625 0.1375
4 0.69296875 0.525 0.078125 0.1375
2 0.634375 0.51640625 0.0703125 0.1296875
2 0.5765625 0.50625 0.0734375 0.128125
2 0.51875 0.4953125 0.0703125 0.1296875
1 0.46171875 0.4875 0.0671875 0.1296875
1 0.40234375 0.475 0.0625 0.1265625
1 0.346875 0.46796875 0.071875 0.134375
0 0.2890625 0.46328125 0.0703125 0.1296875
0 0.2328125 0.45546875 0.06875 0.1296875
0 0.17734375 0.446875 0.06875 0.134375
41 0.11953125 0.440625 0.06875 0.13125
38 0.06484375 0.43203125 0.0671875 0.13125