15 0.71015625 0.6671875 0.1203125 0.165625
14 0.62421875 0.6453125 0.1203125 0.1671875
11 0.48828125 0.453125 0.11875 0.165625
16 0.79609375 0.6859375 0.115625 0.1625
16 0.5375 0.621875 0.1203125 0.1671875
15 0.45078125 0.6015625 0.121875 0.16875
14 0.36484375 0.58125 0.1203125 0.16875
14 0.278125 0.5609375 0.1234375 0.1703125
13 0.18984375 0.53828125 0.1234375 0.16875
12 0.10390625 0.5140625 0.121875 0.165625
10 0.66015625 0.49609375 0.121875 0.16875
10 0.5734375 0.47265625 0.11875 0.1640625
10 0.403125 0.43203125 0.121875 0.1671875
9 0.31640625 0.41015625 0.121875 0.16875