9 0.86640625 0.62109375 0.053125 0.071875
10 0.80703125 0.6140625 0.053125 0.0734375
11 0.753125 0.61171875 0.0453125 0.0703125
36 0.696875 0.60625 0.04375 0.0625
36 0.6421875 0.6015625 0.0453125 0.0640625
32 0.5890625 0.6046875 0.046875 0.0640625
32 0.534375 0.5984375 0.0453125 0.0625
32 0.48125 0.59375 0.0453125 0.065625
14 0.43125 0.59296875 0.04375 0.0703125
15 0.378125 0.58984375 0.0421875 0.071875
16 0.328125 0.5890625 0.0390625 0.0671875
17 0.28046875 0.58359375 0.040625 0.0609375
17 0.228125 0.58203125 0.0421875 0.06875
17 0.1765625 0.5796875 0.0421875 0.0671875