10 0.91328125 0.5296875 0.0640625 0.0984375
10 0.85078125 0.525 0.0609375 0.103125
11 0.790625 0.5203125 0.0625 0.103125
11 0.73046875 0.5125 0.0625 0.1046875
11 0.6703125 0.50859375 0.0671875 0.1078125
7 0.609375 0.50078125 0.065625 0.103125
7 0.54765625 0.4953125 0.0640625 0.103125
7 0.48671875 0.4890625 0.065625 0.1078125
1 0.42578125 0.48359375 0.065625 0.103125
1 0.36484375 0.47734375 0.06875 0.1078125
1 0.3015625 0.471875 0.06875 0.1078125
18 0.2390625 0.465625 0.0703125 0.109375
18 0.175 0.46015625 0.06875 0.1
18 0.1125 0.453125 0.0640625 0.1078125