17 0.9125 0.475 0.04921875 0.11328125
16 0.8515625 0.4890625 0.05625 0.12734375
15 0.7875 0.49375 0.05078125 0.12421875
15 0.7265625 0.49765625 0.0515625 0.1234375
14 0.66484375 0.5 0.05546875 0.125
13 0.60078125 0.50703125 0.0609375 0.13046875
12 0.534375 0.515625 0.0609375 0.125
11 0.46796875 0.5203125 0.0578125 0.13359375
10 0.40078125 0.5265625 0.05546875 0.13203125
11 0.334375 0.53515625 0.05625 0.13046875
10 0.26640625 0.54140625 0.0578125 0.13046875
9 0.19765625 0.5484375 0.04921875 0.1265625
9 0.125 0.56015625 0.05625 0.11953125
9 0.053125 0.559375 0.0578125 0.12890625