14 0.07109375 0.39765625 0.0546875 0.0640625
14 0.12265625 0.4046875 0.053125 0.0640625
14 0.17578125 0.4125 0.053125 0.0625
19 0.23125 0.41953125 0.04375 0.0609375
19 0.2859375 0.42890625 0.04375 0.0671875
19 0.34140625 0.43515625 0.04375 0.0609375
19 0.3953125 0.44140625 0.05 0.0609375
36 0.45390625 0.4484375 0.0453125 0.0640625
36 0.509375 0.4578125 0.0453125 0.0625
36 0.56640625 0.46328125 0.0515625 0.0625
36 0.62578125 0.47109375 0.0453125 0.0609375
13 0.684375 0.478125 0.053125 0.06875
13 0.7453125 0.48984375 0.0546875 0.06875
13 0.80625 0.4984375 0.053125 0.0671875
33 0.86796875 0.50546875 0.053125 0.0578125
33 0.93046875 0.51484375 0.0546875 0.05625