9 0.909375 0.4921875 0.046875 0.0734375
11 0.85078125 0.49296875 0.0484375 0.0796875
15 0.79140625 0.50078125 0.0484375 0.0703125
9 0.7421875 0.51015625 0.0484375 0.071875
10 0.67265625 0.5125 0.0453125 0.0734375
9 0.61796875 0.521875 0.0484375 0.0703125
16 0.53984375 0.5265625 0.046875 0.0796875
13 0.459375 0.53125 0.046875 0.078125
15 0.39453125 0.546875 0.04375 0.071875
10 0.3296875 0.55078125 0.0453125 0.0703125
13 0.2546875 0.5609375 0.04375 0.065625
9 0.18359375 0.5703125 0.046875 0.0734375
12 0.121875 0.575 0.0453125 0.06875
14 0.05859375 0.58515625 0.0421875 0.0703125