29 0.1203125 0.5546875 0.04296875 0.07265625
38 0.065625 0.55703125 0.05703125 0.0796875
8 0.90859375 0.5859375 0.05625 0.08125
8 0.8484375 0.5890625 0.05390625 0.08671875
4 0.7890625 0.5875 0.05234375 0.0859375
5 0.73125 0.58359375 0.05078125 0.08515625
6 0.6734375 0.58046875 0.05078125 0.08203125
2 0.61640625 0.58046875 0.05 0.08359375
1 0.559375 0.57734375 0.05 0.08671875
0 0.50390625 0.57578125 0.0453125 0.0859375
0 0.44921875 0.571875 0.04765625 0.0859375
0 0.3921875 0.571875 0.04609375 0.08984375
0 0.33671875 0.56953125 0.0453125 0.08828125
6 0.28203125 0.56796875 0.04453125 0.08359375
5 0.23046875 0.565625 0.04921875 0.0828125
4 0.17578125 0.56328125 0.04765625 0.07890625