35 0.90703125 0.4640625 0.0796875 0.109375
35 0.83828125 0.47421875 0.078125 0.1078125
35 0.77109375 0.48515625 0.0796875 0.109375
1 0.5765625 0.51875 0.0734375 0.10625
1 0.51171875 0.53046875 0.0734375 0.1078125
1 0.45 0.5390625 0.0765625 0.109375
22 0.703125 0.49453125 0.071875 0.0921875
22 0.63828125 0.5109375 0.0765625 0.1015625
20 0.38515625 0.54921875 0.0703125 0.1015625
20 0.3234375 0.5625 0.071875 0.103125
20 0.26171875 0.57265625 0.0640625 0.096875
4 0.2 0.58359375 0.071875 0.1015625
4 0.13515625 0.59453125 0.0734375 0.1109375
4 0.0765625 0.60546875 0.071875 0.1078125