28 0.121875 0.575 0.0734375 0.1015625
33 0.1828125 0.5625 0.0734375 0.1
33 0.24140625 0.546875 0.06875 0.0984375
33 0.3 0.5296875 0.0703125 0.1
36 0.35859375 0.51328125 0.0671875 0.09375
36 0.4171875 0.496875 0.06875 0.09375
36 0.47109375 0.48046875 0.0609375 0.0921875
35 0.52734375 0.46796875 0.0640625 0.090625
35 0.584375 0.45234375 0.0640625 0.09375
35 0.640625 0.4390625 0.0640625 0.09375
34 0.69453125 0.42421875 0.0609375 0.09375
34 0.75078125 0.4078125 0.0625 0.09375
34 0.80546875 0.39453125 0.059375 0.0875
32 0.86171875 0.3765625 0.0546875 0.078125
32 0.91484375 0.36328125 0.065625 0.0890625