16 0.9421875 0.53359375 0.075 0.115625
16 0.87890625 0.5453125 0.0765625 0.11875
14 0.81328125 0.55625 0.0765625 0.1203125
14 0.74609375 0.56796875 0.0796875 0.1203125
14 0.68125 0.57890625 0.08125 0.121875
11 0.6140625 0.5890625 0.0828125 0.121875
11 0.5484375 0.5984375 0.0796875 0.1203125
11 0.4828125 0.609375 0.0828125 0.125
10 0.41484375 0.62109375 0.0796875 0.121875
10 0.34765625 0.63125 0.084375 0.1234375
10 0.2796875 0.64375 0.084375 0.125
9 0.21171875 0.65546875 0.0796875 0.121875
9 0.14375 0.66640625 0.078125 0.11875
9 0.07421875 0.67734375 0.0765625 0.121875