11 0.928125 0.60703125 0.06875 0.06875
13 0.8578125 0.584375 0.0625 0.0640625
16 0.803125 0.56953125 0.0734375 0.0671875
9 0.73984375 0.55234375 0.0765625 0.065625
12 0.6734375 0.53515625 0.071875 0.06875
15 0.6078125 0.5171875 0.0640625 0.0625
11 0.54296875 0.5015625 0.0671875 0.0640625
16 0.478125 0.48671875 0.0625 0.0640625
17 0.41484375 0.4703125 0.0671875 0.0703125
15 0.34921875 0.45234375 0.0625 0.06875
14 0.28203125 0.4375 0.059375 0.06875
14 0.215625 0.42109375 0.0640625 0.0640625
17 0.14375 0.3984375 0.065625 0.0671875
16 0.08359375 0.38671875 0.0734375 0.0671875