8 0.89140625 0.5765625 0.08515625 0.15
8 0.7984375 0.575 0.08515625 0.153125
8 0.70625 0.57421875 0.08828125 0.15234375
8 0.6125 0.5734375 0.0890625 0.1546875
7 0.51953125 0.57265625 0.09140625 0.15859375
6 0.4265625 0.5703125 0.090625 0.15546875
5 0.33125 0.5703125 0.09140625 0.1578125
4 0.2359375 0.56875 0.0921875 0.15859375
3 0.13984375 0.56796875 0.09609375 0.15859375
5 0.7046875 0.4125 0.08671875 0.153125
4 0.61171875 0.41171875 0.09140625 0.1515625
3 0.51875 0.409375 0.0890625 0.153125
1 0.4265625 0.40703125 0.08828125 0.1546875
1 0.3328125 0.40546875 0.09296875 0.1546875