13 0.78828125 0.5484375 0.090625 0.146875
13 0.70546875 0.5546875 0.090625 0.1453125
13 0.6234375 0.5609375 0.090625 0.14375
12 0.5421875 0.56953125 0.090625 0.1453125
12 0.459375 0.5765625 0.09375 0.1484375
11 0.3765625 0.584375 0.0953125 0.146875
11 0.2921875 0.5921875 0.0953125 0.146875
11 0.20859375 0.5984375 0.0953125 0.1484375
10 0.68984375 0.41328125 0.090625 0.1453125
10 0.609375 0.41953125 0.0921875 0.146875
10 0.52734375 0.428125 0.090625 0.1453125
9 0.4453125 0.43515625 0.0921875 0.14375
9 0.36328125 0.4421875 0.09375 0.14375
9 0.2796875 0.4484375 0.0921875 0.146875