16 0.84453125 0.603125 0.0765625 0.13984375
16 0.76171875 0.60234375 0.07890625 0.14375
16 0.6796875 0.603125 0.08125 0.14140625
13 0.5953125 0.60078125 0.08125 0.140625
14 0.5125 0.6 0.08046875 0.14140625
14 0.428125 0.6 0.08125 0.1421875
14 0.34296875 0.6 0.084375 0.14453125
13 0.25703125 0.6015625 0.084375 0.14453125
12 0.17109375 0.59921875 0.084375 0.1421875
10 0.6765625 0.45703125 0.0796875 0.1375
10 0.59375 0.45703125 0.0796875 0.1375
11 0.5109375 0.45625 0.08046875 0.13828125
10 0.42890625 0.45625 0.08125 0.1390625
9 0.34609375 0.45390625 0.0796875 0.13984375