28 0.13359375 0.584375 0.059375 0.0921875
29 0.18203125 0.57265625 0.059375 0.090625
30 0.2328125 0.56484375 0.059375 0.090625
3 0.2828125 0.55703125 0.0515625 0.084375
4 0.3328125 0.546875 0.0578125 0.090625
5 0.3828125 0.5390625 0.05625 0.0859375
0 0.4328125 0.52734375 0.0546875 0.08125
1 0.48203125 0.5203125 0.05625 0.0875
1 0.58046875 0.50390625 0.0546875 0.084375
2 0.5328125 0.51171875 0.0546875 0.084375
2 0.63203125 0.49140625 0.05625 0.084375
3 0.68671875 0.4828125 0.053125 0.08125
3 0.73125 0.475 0.0515625 0.08125
4 0.7859375 0.46640625 0.059375 0.08125
5 0.834375 0.45703125 0.0578125 0.084375
7 0.8890625 0.4515625 0.059375 0.0859375
7 0.94375 0.44140625 0.059375 0.0875