20 0.96015625 0.48984375 0.0796875 0.121875
37 0.89921875 0.50390625 0.08125 0.125
37 0.83671875 0.51953125 0.0828125 0.125
31 0.771875 0.5328125 0.0859375 0.1296875
16 0.70625 0.5484375 0.0875 0.128125
15 0.640625 0.5609375 0.084375 0.1265625
14 0.57421875 0.57578125 0.0859375 0.1265625
13 0.50859375 0.590625 0.0875 0.1296875
12 0.4421875 0.6046875 0.0921875 0.1296875
12 0.3078125 0.63515625 0.090625 0.1296875
11 0.37578125 0.61953125 0.0859375 0.128125
11 0.2390625 0.65 0.090625 0.1296875
10 0.171875 0.665625 0.090625 0.1296875
30 0.10390625 0.67734375 0.0875 0.128125