7 0.9359375 0.54453125 0.0765625 0.1359375
7 0.875 0.53984375 0.0671875 0.1296875
4 0.81484375 0.53359375 0.071875 0.128125
4 0.75390625 0.52734375 0.071875 0.1359375
4 0.69375 0.51875 0.0734375 0.1359375
2 0.63515625 0.51171875 0.0671875 0.1296875
2 0.5765625 0.50390625 0.06875 0.1265625
2 0.51875 0.49453125 0.0671875 0.128125
1 0.4609375 0.4890625 0.0640625 0.1296875
1 0.4015625 0.478125 0.059375 0.1265625
1 0.34609375 0.4734375 0.0671875 0.134375
0 0.28828125 0.47109375 0.0671875 0.1296875
0 0.23125 0.46484375 0.065625 0.1296875
0 0.17578125 0.45859375 0.0640625 0.1328125
41 0.1171875 0.45390625 0.065625 0.13125
38 0.0625 0.446875 0.0640625 0.1296875