41 0.1140625 0.47109375 0.046875 0.06875
29 0.05703125 0.4703125 0.0390625 0.0671875
36 0.9203125 0.465625 0.05 0.0578125
36 0.85703125 0.4671875 0.05546875 0.06640625
22 0.7953125 0.46796875 0.0515625 0.0578125
22 0.73515625 0.46953125 0.04921875 0.0625
16 0.675 0.4671875 0.05546875 0.06015625
16 0.61171875 0.46796875 0.0484375 0.06015625
6 0.55390625 0.46640625 0.0484375 0.05703125
6 0.496875 0.46875 0.04453125 0.06171875
4 0.44140625 0.47109375 0.04375 0.0640625
4 0.3875 0.46953125 0.0484375 0.05703125
21 0.32890625 0.46953125 0.04453125 0.05390625
21 0.27421875 0.46875 0.04375 0.05703125
3 0.21953125 0.47109375 0.040625 0.059375
3 0.16484375 0.46875 0.04609375 0.059375