25 0.69375 0.40859375 0.1015625 0.121875
26 0.77890625 0.41953125 0.103125 0.1234375
19 0.18359375 0.31640625 0.103125 0.125
24 0.60859375 0.39296875 0.1 0.1203125
2 0.24921875 0.44296875 0.1046875 0.1265625
23 0.52578125 0.378125 0.1 0.1203125
3 0.3359375 0.459375 0.103125 0.1265625
1 0.16328125 0.4296875 0.10625 0.128125
10 0.203125 0.20546875 0.1046875 0.125
33 0.7453125 0.646875 0.10625 0.134375
21 0.35625 0.3453125 0.103125 0.1234375
4 0.421875 0.47421875 0.1 0.1265625
41 0.6578125 0.6359375 0.1015625 0.128125
14 0.54296875 0.26640625 0.1015625 0.121875
5 0.58984375 0.503125 0.1 0.125
7 0.67578125 0.51796875 0.1015625 0.125
0 0.0765625 0.4140625 0.1046875 0.128125
6 0.50390625 0.48984375 0.103125 0.125
37 0.88671875 0.3234375 0.1015625 0.11875
20 0.2671875 0.3328125 0.103125 0.1234375
8 0.76171875 0.53203125 0.103125 0.125
11 0.28828125 0.21953125 0.103125 0.1234375
15 0.63125 0.2828125 0.1 0.1203125
36 0.8078125 0.7796875 0.0953125 0.11875
16 0.7140625 0.29375 0.1046875 0.1234375
18 0.0953125 0.30390625 0.103125 0.125
31 0.82734375 0.66171875 0.1015625 0.1296875
35 0.721875 0.76640625 0.096875 0.121875
9 0.11640625 0.19296875 0.1015625 0.121875
17 0.8015625 0.31015625 0.1015625 0.11875
12 0.3734375 0.23671875 0.103125 0.125
40 0.571875 0.61953125 0.1015625 0.1296875
22 0.43984375 0.3625 0.1 0.121875
38 0.3984375 0.5890625 0.1 0.13125
39 0.484375 0.603125 0.1015625 0.128125
34 0.8671875 0.43828125 0.1015625 0.1171875
32 0.8484375 0.5484375 0.0984375 0.11875
13 0.4609375 0.25234375 0.0984375 0.11875