25 0.66328125 0.36171875 0.09375 0.115625
26 0.74921875 0.35078125 0.09375 0.1171875
19 0.146875 0.4046875 0.09375 0.11875
24 0.57734375 0.36875 0.0921875 0.1140625
2 0.24296875 0.51015625 0.0953125 0.1203125
23 0.49296875 0.37578125 0.0921875 0.1140625
3 0.33125 0.503125 0.09375 0.1203125
1 0.15625 0.51875 0.096875 0.121875
10 0.13671875 0.29296875 0.096875 0.11875
33 0.775 0.57890625 0.096875 0.128125
21 0.32109375 0.3875 0.09375 0.11875
4 0.41796875 0.4953125 0.090625 0.1203125
41 0.6875 0.590625 0.0921875 0.121875
14 0.48046875 0.26328125 0.09375 0.115625
5 0.5875 0.4796875 0.090625 0.11875
7 0.675 0.471875 0.09375 0.11875
0 0.06875 0.5265625 0.0953125 0.121875
6 0.5015625 0.4890625 0.09375 0.11875
37 0.82734375 0.2296875 0.09375 0.1125
20 0.23125 0.3984375 0.0953125 0.11875
8 0.7609375 0.46328125 0.09375 0.1203125
11 0.22265625 0.28359375 0.0953125 0.1171875
15 0.5703125 0.25625 0.0921875 0.1140625
36 0.86953125 0.690625 0.0859375 0.1125
16 0.653125 0.2453125 0.096875 0.1171875
18 0.0578125 0.415625 0.09375 0.11875
31 0.85859375 0.57109375 0.0921875 0.1234375
35 0.78359375 0.69921875 0.0890625 0.115625
9 0.05 0.30234375 0.09375 0.1171875
17 0.7421875 0.2390625 0.09375 0.1125
12 0.309375 0.278125 0.09375 0.11875
40 0.6 0.596875 0.0921875 0.1234375
22 0.40625 0.3828125 0.090625 0.115625
38 0.425 0.6125 0.090625 0.125
39 0.51171875 0.60390625 0.0921875 0.121875
34 0.83828125 0.3453125 0.09375 0.1109375
32 0.84921875 0.45703125 0.090625 0.1125
13 0.3984375 0.2703125 0.0890625 0.1125