21 0.1203125 0.59375 0.1703125 0.0890625
19 0.61953125 0.50859375 0.1875 0.0984375
26 0.3546875 0.71796875 0.171875 0.0953125
8 0.6046875 0.95 0.1671875 0.0921875
9 0.1328125 0.26796875 0.18125 0.096875
13 0.125 0.36875 0.1734375 0.090625
37 0.2828125 0.15859375 0.1546875 0.0890625
5 0.85078125 0.8578125 0.165625 0.0859375
24 0.85546875 0.62890625 0.165625 0.084375
11 0.61953125 0.29609375 0.178125 0.0984375
6 0.1015625 0.92109375 0.171875 0.090625
15 0.621875 0.396875 0.18125 0.096875
31 0.15703125 0.04609375 0.1859375 0.0921875
35 0.40078125 0.05859375 0.1703125 0.0953125
36 0.65703125 0.07109375 0.1828125 0.0921875
33 0.89453125 0.0828125 0.1828125 0.096875
32 0.52578125 0.171875 0.1765625 0.0921875
33 0.77421875 0.1875 0.1859375 0.09375
10 0.37734375 0.28046875 0.175 0.09375
12 0.86796875 0.3078125 0.171875 0.0953125
14 0.375 0.384375 0.1765625 0.0953125
16 0.86484375 0.409375 0.1734375 0.0921875
17 0.125 0.48203125 0.1625 0.0875
18 0.36953125 0.49609375 0.16875 0.0921875
20 0.85625 0.52109375 0.171875 0.09375
22 0.365625 0.60703125 0.165625 0.0890625
23 0.61015625 0.6203125 0.1703125 0.090625
25 0.1109375 0.70390625 0.1828125 0.0953125
0 0.60078125 0.73125 0.1859375 0.0953125
1 0.84765625 0.7421875 0.1734375 0.0953125
2 0.10546875 0.8140625 0.1875 0.096875
3 0.3515625 0.82578125 0.1828125 0.1
4 0.59921875 0.840625 0.1890625 0.096875
7 0.35 0.934375 0.184375 0.09375