25 0.58671875 0.93515625 0.0859375 0.10625
25 0.6171875 0.76015625 0.08125 0.0953125
25 0.6015625 0.8421875 0.084375 0.1
19 0.27109375 0.6625 0.0796875 0.0921875
19 0.2421875 0.74296875 0.0859375 0.1015625
23 0.51796875 0.64609375 0.0734375 0.0859375
6 0.51484375 0.1265625 0.0578125 0.059375
4 0.60078125 0.15078125 0.05625 0.0578125
3 0.63359375 0.21015625 0.0578125 0.0625
3 0.62265625 0.26328125 0.059375 0.065625
6 0.49921875 0.17578125 0.05625 0.0609375
25 0.63046875 0.67890625 0.075 0.0875
26 0.65 0.9484375 0.09375 0.103125
2 0.678125 0.2234375 0.0609375 0.065625
26 0.6875 0.69765625 0.08125 0.0890625
23 0.46171875 0.8984375 0.08125 0.1015625
19 0.296875 0.58828125 0.0734375 0.0875
5 0.57109375 0.09375 0.0546875 0.05625
20 0.35390625 0.60234375 0.0734375 0.0859375
6 0.5265625 0.0828125 0.0546875 0.0546875
19 0.2140625 0.82890625 0.0859375 0.10625
23 0.4984375 0.725 0.078125 0.0921875
26 0.6734375 0.77578125 0.0875 0.0984375
5 0.52734375 0.23828125 0.0578125 0.0640625
6 0.48046875 0.22734375 0.0578125 0.0640625
26 0.6625 0.86171875 0.090625 0.1015625
20 0.3296875 0.6796875 0.0765625 0.0921875
2 0.69296875 0.1734375 0.0578125 0.0609375
1 0.715625 0.28984375 0.0609375 0.065625
23 0.48125 0.8109375 0.0796875 0.0984375
3 0.659375 0.1171875 0.0546875 0.05625
5 0.55703125 0.13984375 0.05625 0.059375
4 0.58671875 0.1984375 0.0578125 0.0625
7 0.45234375 0.1640625 0.0578125 0.0609375
7 0.48359375 0.07265625 0.0515625 0.0546875
21 0.33984375 0.86328125 0.08125 0.103125
24 0.52265625 0.91796875 0.084375 0.103125
22 0.46328125 0.63203125 0.0734375 0.0875
4 0.6140625 0.1046875 0.053125 0.0546875
20 0.30546875 0.759375 0.08125 0.0984375
8 0.3890625 0.2 0.0578125 0.0625
18 0.18359375 0.72890625 0.0828125 0.1
8 0.44375 0.05859375 0.0578125 0.059375
21 0.3640625 0.778125 0.0828125 0.1
18 0.24375 0.57265625 0.075 0.0859375
4 0.57265625 0.25 0.0578125 0.0625
2 0.7046875 0.12578125 0.05625 0.05625
7 0.43671875 0.215625 0.0578125 0.0640625
1 0.74765625 0.1375 0.0546875 0.05625
18 0.1546875 0.81171875 0.084375 0.103125
7 0.4703125 0.11640625 0.0546875 0.059375
21 0.4078125 0.61953125 0.0734375 0.084375
18 0.21484375 0.64921875 0.078125 0.09375
5 0.53984375 0.1890625 0.0578125 0.059375
8 0.42578125 0.1046875 0.05625 0.059375
2 0.66875 0.2765625 0.059375 0.0671875
3 0.64609375 0.16484375 0.0578125 0.059375
24 0.5578125 0.74296875 0.078125 0.09375
24 0.57578125 0.66484375 0.0734375 0.0859375
20 0.278125 0.84609375 0.084375 0.1046875
22 0.421875 0.79140625 0.0796875 0.096875
34 0.22890625 0.3640625 0.0609375 0.06875
24 0.54375 0.82578125 0.0828125 0.1
8 0.4046875 0.15078125 0.0578125 0.0625
21 0.3859375 0.69296875 0.078125 0.09375
34 0.28046875 0.378125 0.0640625 0.0703125
1 0.73515625 0.1859375 0.053125 0.05625
1 0.72578125 0.23671875 0.0578125 0.0578125
22 0.44296875 0.7078125 0.0734375 0.0921875
22 0.4015625 0.88125 0.0859375 0.1046875