25 0.64609375 0.91875 0.075 0.1
25 0.65234375 0.74140625 0.071875 0.0875
25 0.6484375 0.82421875 0.0734375 0.09375
19 0.29609375 0.69296875 0.0703125 0.0859375
19 0.27890625 0.7765625 0.075 0.0953125
23 0.53828125 0.6421875 0.0640625 0.0796875
6 0.46328125 0.128125 0.053125 0.0546875
4 0.5515625 0.140625 0.05 0.053125
3 0.5921875 0.19375 0.0515625 0.05625
3 0.58828125 0.2484375 0.053125 0.059375
6 0.4546875 0.17890625 0.05 0.05625
25 0.6546875 0.659375 0.0671875 0.08125
26 0.7125 0.92578125 0.0828125 0.1015625
2 0.63828125 0.2015625 0.0546875 0.059375
26 0.71328125 0.66953125 0.071875 0.0828125
23 0.51796875 0.9 0.071875 0.0953125
19 0.3109375 0.615625 0.065625 0.08125
5 0.51328125 0.0875 0.0484375 0.0515625
20 0.36953125 0.621875 0.0640625 0.0796875
6 0.46875 0.0828125 0.0484375 0.05
19 0.2625 0.86484375 0.075 0.1
23 0.5296875 0.7234375 0.06875 0.0859375
26 0.71015625 0.7484375 0.078125 0.090625
5 0.490625 0.23671875 0.0515625 0.059375
6 0.4421875 0.23203125 0.0515625 0.059375
26 0.71171875 0.83515625 0.0796875 0.09375
20 0.35625 0.70234375 0.0671875 0.0859375
2 0.6453125 0.14921875 0.053125 0.05625
1 0.684375 0.26171875 0.0546875 0.0609375
23 0.525 0.8109375 0.0703125 0.0921875
3 0.6046875 0.0984375 0.0484375 0.0515625
5 0.50625 0.13515625 0.0515625 0.0546875
4 0.54375 0.1890625 0.0515625 0.0578125
7 0.40625 0.1734375 0.0515625 0.05625
7 0.42421875 0.07890625 0.046875 0.05
21 0.39140625 0.88203125 0.0703125 0.096875
24 0.58046875 0.91015625 0.0734375 0.096875
22 0.48203125 0.6359375 0.065625 0.08125
4 0.5578125 0.0921875 0.0484375 0.05
20 0.34296875 0.78359375 0.0703125 0.0921875
8 0.34765625 0.21875 0.0515625 0.0578125
18 0.21875 0.77109375 0.0734375 0.09375
8 0.3828125 0.07109375 0.0515625 0.053125
21 0.40390625 0.79453125 0.071875 0.09375
18 0.25625 0.6078125 0.065625 0.0796875
4 0.5375 0.2421875 0.0515625 0.0578125
2 0.65078125 0.1015625 0.05 0.0515625
7 0.39765625 0.2265625 0.0515625 0.059375
1 0.69453125 0.10703125 0.0484375 0.0515625
18 0.20078125 0.85703125 0.0734375 0.096875
7 0.4171875 0.12421875 0.05 0.0546875
21 0.42578125 0.63125 0.0640625 0.078125
18 0.23828125 0.6875 0.06875 0.0875
5 0.49609375 0.1859375 0.0515625 0.0546875
8 0.37109375 0.11875 0.0515625 0.0546875
2 0.6359375 0.25546875 0.053125 0.0609375
3 0.5984375 0.14765625 0.0515625 0.0546875
24 0.59140625 0.73203125 0.06875 0.0875
24 0.59765625 0.653125 0.0640625 0.0796875
20 0.328125 0.8734375 0.0734375 0.0984375
22 0.46328125 0.79921875 0.06875 0.090625
34 0.2125 0.403125 0.053125 0.0640625
24 0.5890625 0.81640625 0.071875 0.09375
8 0.35703125 0.16796875 0.0515625 0.0578125
21 0.4140625 0.70703125 0.06875 0.0875
34 0.265625 0.41015625 0.05625 0.065625
1 0.6890625 0.15625 0.046875 0.0515625
1 0.68671875 0.2078125 0.0515625 0.0515625
22 0.471875 0.7140625 0.0625 0.0875
22 0.45625 0.89140625 0.075 0.096875