15 0.665625 0.478125 0.1203125 0.1359375
26 0.75546875 0.875 0.1171875 0.1390625
15 0.6953125 0.3625 0.125 0.1453125
2 0.2234375 0.61640625 0.121875 0.1296875
5 0.53984375 0.5734375 0.11875 0.134375
32 0.88125 0.78046875 0.11875 0.1359375
25 0.66640625 0.8546875 0.1203125 0.1390625
8 0.8171875 0.64375 0.1171875 0.140625
5 0.5078125 0.68984375 0.1171875 0.128125
17 0.878125 0.40859375 0.11875 0.1421875
33 0.5328125 0.196875 0.1203125 0.1359375
25 0.63515625 0.9515625 0.1171875 0.096875
33 0.46953125 0.0640625 0.1234375 0.128125
7 0.69765625 0.734375 0.115625 0.128125
11 0.2859375 0.384375 0.1234375 0.13125
2 0.25546875 0.49921875 0.1234375 0.14375
14 0.60078125 0.3375 0.125 0.1484375
0 0.04453125 0.56484375 0.0890625 0.1328125
11 0.315625 0.2640625 0.1296875 0.1515625
9 0.09140625 0.334375 0.121875 0.134375
4 0.4125 0.66640625 0.121875 0.1296875
8 0.7875 0.75546875 0.1140625 0.128125
24 0.5390625 0.940625 0.11875 0.11875
24 0.571875 0.83203125 0.11875 0.1375
14 0.5703125 0.45703125 0.1203125 0.1328125
10 0.21796875 0.23828125 0.1265625 0.1484375
26 0.725 0.96171875 0.115625 0.0765625
3 0.3171875 0.64296875 0.121875 0.1296875
19 0.09609375 0.71015625 0.128125 0.1421875
10 0.1890625 0.35859375 0.125 0.134375
4 0.44765625 0.5515625 0.121875 0.140625
17 0.84921875 0.52421875 0.1171875 0.134375
31 0.1515625 0.09453125 0.128125 0.1453125
7 0.728125 0.6203125 0.11875 0.1421875
20 0.19375 0.73671875 0.1234375 0.1421875
9 0.1203125 0.2140625 0.125 0.1453125
0 0.059375 0.45234375 0.11875 0.1359375
37 0.43828125 0.1703125 0.121875 0.1328125
34 0.9546875 0.43203125 0.090625 0.1390625
41 0.90703125 0.290625 0.1171875 0.134375
36 0.346875 0.14375 0.1234375 0.1375
18 0.01484375 0.80078125 0.0296875 0.1359375
37 0.5671875 0.0796875 0.1203125 0.140625
3 0.35 0.52421875 0.121875 0.14375
12 0.38359375 0.40546875 0.121875 0.1375
20 0.1609375 0.85234375 0.11875 0.1328125
13 0.50625 0.31484375 0.125 0.1453125
12 0.4125 0.290625 0.125 0.146875
22 0.3828125 0.78359375 0.1234375 0.140625
1 0.1265625 0.590625 0.1234375 0.134375
1 0.1578125 0.47734375 0.1265625 0.1421875
31 0.178125 0.02578125 0.121875 0.0515625
13 0.47578125 0.4296875 0.1234375 0.1390625
16 0.76015625 0.5046875 0.115625 0.1296875
22 0.35078125 0.8953125 0.115625 0.1265625
16 0.78984375 0.38671875 0.11875 0.14375
36 0.3734375 0.05 0.121875 0.1
21 0.290625 0.759375 0.1234375 0.14375
32 0.9109375 0.665625 0.1203125 0.14375
19 0.06484375 0.82578125 0.125 0.1375
6 0.60234375 0.71484375 0.1171875 0.128125
21 0.2546875 0.87578125 0.1203125 0.13125
35 0.25 0.11796875 0.1234375 0.134375
6 0.634375 0.59921875 0.1171875 0.1375
35 0.2765625 0.0375 0.125 0.075
23 0.47734375 0.80703125 0.1203125 0.14375
18 0.0296875 0.68359375 0.059375 0.1390625
23 0.44609375 0.91796875 0.11875 0.1265625
38 0.6296875 0.22109375 0.1203125 0.1359375
34 0.93984375 0.546875 0.1140625 0.134375
28 0.7265625 0.24375 0.121875 0.1328125
40 0.81875 0.26953125 0.1140625 0.134375