15 0.65546875 0.4390625 0.0953125 0.115625
26 0.83828125 0.80234375 0.090625 0.11953125
15 0.65625 0.31953125 0.096875 0.125
2 0.26015625 0.6796875 0.09765625 0.109375
5 0.55625 0.56171875 0.09296875 0.115625
32 0.9375 0.6796875 0.0953125 0.1171875
25 0.746875 0.80390625 0.09296875 0.12109375
8 0.8421875 0.5625 0.090625 0.12109375
5 0.553125 0.68203125 0.09296875 0.109375
17 0.84453125 0.31953125 0.0921875 0.12421875
33 0.45859375 0.19765625 0.0953125 0.115625
25 0.74453125 0.921875 0.09296875 0.11171875
33 0.3640625 0.07734375 0.09765625 0.12421875
7 0.7484375 0.6796875 0.0921875 0.1109375
11 0.2640625 0.43984375 0.09921875 0.1109375
2 0.2625 0.55859375 0.09765625 0.12421875
14 0.55859375 0.31796875 0.096875 0.12890625
0 0.05859375 0.6765625 0.09609375 0.11328125
11 0.2640625 0.315625 0.10078125 0.13046875
9 0.06328125 0.43828125 0.096875 0.11484375
4 0.45546875 0.6828125 0.09765625 0.1078125
8 0.840625 0.678125 0.09140625 0.109375
24 0.64609375 0.92265625 0.0953125 0.10859375
24 0.65 0.8046875 0.0921875 0.11953125
14 0.5578125 0.44140625 0.09609375 0.1125
10 0.16328125 0.3140625 0.09921875 0.12734375
26 0.8375 0.92109375 0.09140625 0.1125
3 0.35703125 0.6828125 0.09765625 0.11015625
19 0.15859375 0.8015625 0.10078125 0.12109375
10 0.1640625 0.43828125 0.09921875 0.11328125
4 0.46171875 0.5625 0.09609375 0.12109375
17 0.84453125 0.4390625 0.09140625 0.115625
31 0.0640625 0.190625 0.1 0.1265625
7 0.75078125 0.56171875 0.0921875 0.1234375
20 0.26015625 0.80390625 0.096875 0.121875
9 0.0625 0.3140625 0.09765625 0.12421875
0 0.06015625 0.56171875 0.0953125 0.11640625
37 0.36015625 0.1953125 0.096875 0.1125
34 0.93828125 0.321875 0.08984375 0.12109375
41 0.84453125 0.1984375 0.0921875 0.11640625
36 0.26484375 0.19140625 0.09921875 0.1171875
18 0.05859375 0.9203125 0.09453125 0.1171875
37 0.46328125 0.07578125 0.09375 0.121875
3 0.36015625 0.56015625 0.09609375 0.12421875
12 0.3640625 0.43671875 0.096875 0.11640625
20 0.25625 0.92421875 0.0953125 0.11328125
13 0.4609375 0.31875 0.09765625 0.1265625
12 0.3640625 0.31796875 0.09765625 0.12578125
22 0.4546875 0.80390625 0.09609375 0.11953125
1 0.159375 0.678125 0.09921875 0.1140625
1 0.1625 0.5609375 0.0984375 0.12109375
31 0.06328125 0.07421875 0.09609375 0.1203125
13 0.459375 0.4375 0.09765625 0.1171875
16 0.753125 0.44140625 0.09140625 0.11171875
22 0.45078125 0.91953125 0.09296875 0.1078125
16 0.75390625 0.3203125 0.090625 0.12421875
36 0.26328125 0.075 0.09609375 0.1203125
21 0.359375 0.80234375 0.09765625 0.12265625
32 0.9390625 0.5609375 0.09296875 0.12421875
19 0.15625 0.92109375 0.1 0.1171875
6 0.6515625 0.68359375 0.09296875 0.10859375
21 0.353125 0.92421875 0.096875 0.11171875
35 0.16484375 0.18984375 0.0984375 0.11484375
6 0.6546875 0.5640625 0.0921875 0.11875
35 0.16328125 0.0734375 0.09921875 0.1203125
23 0.55234375 0.803125 0.09296875 0.1234375
18 0.0578125 0.8 0.09609375 0.11953125
23 0.54921875 0.91875 0.0953125 0.10625
38 0.55859375 0.19765625 0.09609375 0.115625
34 0.93828125 0.4390625 0.08984375 0.11484375
28 0.6578125 0.196875 0.096875 0.1140625
40 0.75390625 0.19921875 0.08984375 0.115625