15 0.6609375 0.45546875 0.10625 0.125
26 0.8046875 0.8359375 0.103125 0.1296875
15 0.67421875 0.33671875 0.109375 0.134375
2 0.24296875 0.65390625 0.109375 0.11875
5 0.54921875 0.5671875 0.1046875 0.125
32 0.91640625 0.72421875 0.10625 0.125
25 0.7140625 0.828125 0.10625 0.1296875
8 0.83359375 0.59765625 0.103125 0.13125
5 0.53359375 0.68671875 0.1046875 0.11875
17 0.86171875 0.35625 0.1046875 0.1328125
33 0.490625 0.1953125 0.10625 0.125
25 0.6984375 0.9421875 0.103125 0.115625
33 0.409375 0.065625 0.109375 0.13125
7 0.728125 0.7046875 0.1015625 0.11875
11 0.271875 0.415625 0.1109375 0.1203125
2 0.2578125 0.53359375 0.109375 0.1328125
14 0.57734375 0.325 0.109375 0.1390625
0 0.04765625 0.6296875 0.0953125 0.121875
11 0.284375 0.2921875 0.1140625 0.140625
9 0.071875 0.39296875 0.1078125 0.1234375
4 0.43671875 0.67734375 0.109375 0.11875
8 0.8203125 0.7125 0.1015625 0.11875
24 0.60078125 0.9359375 0.10625 0.1171875
24 0.6171875 0.81875 0.1046875 0.128125
14 0.56328125 0.44765625 0.1078125 0.121875
10 0.184375 0.2796875 0.1109375 0.1375
26 0.79140625 0.94609375 0.1015625 0.1078125
3 0.3390625 0.6671875 0.109375 0.11875
19 0.12890625 0.7640625 0.1140625 0.13125
10 0.17265625 0.403125 0.1109375 0.1234375
4 0.45546875 0.5578125 0.1078125 0.13125
17 0.84921875 0.47578125 0.103125 0.125
31 0.0984375 0.146875 0.1125 0.1359375
7 0.74296875 0.5875 0.1046875 0.1328125
20 0.2296875 0.77734375 0.109375 0.13125
9 0.084375 0.26953125 0.109375 0.134375
0 0.05625 0.515625 0.10625 0.1265625
37 0.39296875 0.18203125 0.1078125 0.121875
34 0.9515625 0.36796875 0.096875 0.1296875
41 0.87421875 0.2359375 0.103125 0.125
36 0.2984375 0.16875 0.1109375 0.1265625
18 0.03515625 0.871875 0.0703125 0.125
37 0.5078125 0.07421875 0.10625 0.13125
3 0.3546875 0.5453125 0.1078125 0.1328125
12 0.37109375 0.42265625 0.1078125 0.1265625
20 0.21328125 0.89609375 0.10625 0.1234375
13 0.48046875 0.315625 0.109375 0.134375
12 0.38359375 0.3046875 0.109375 0.1359375
22 0.4234375 0.79765625 0.109375 0.1296875
1 0.14296875 0.64140625 0.1109375 0.1234375
1 0.1578125 0.525 0.1125 0.13125
31 0.11015625 0.04765625 0.1078125 0.0953125
13 0.46640625 0.43359375 0.109375 0.128125
16 0.7578125 0.46796875 0.1015625 0.1203125
22 0.40703125 0.91171875 0.103125 0.1171875
16 0.77109375 0.34765625 0.103125 0.134375
36 0.30859375 0.0578125 0.1078125 0.115625
21 0.32890625 0.7859375 0.109375 0.1328125
32 0.93046875 0.60625 0.10625 0.134375
19 0.1140625 0.8828125 0.1109375 0.1265625
6 0.63125 0.6984375 0.1046875 0.1171875
21 0.309375 0.90625 0.1078125 0.1203125
35 0.19921875 0.15625 0.109375 0.1234375
6 0.646875 0.5796875 0.103125 0.128125
35 0.20859375 0.053125 0.1109375 0.10625
23 0.5203125 0.80703125 0.1046875 0.1328125
18 0.04140625 0.7515625 0.0828125 0.128125
23 0.50546875 0.921875 0.10625 0.115625
38 0.58984375 0.20546875 0.1078125 0.125
34 0.9421875 0.48515625 0.1015625 0.1234375
28 0.68828125 0.21484375 0.1078125 0.121875
40 0.78359375 0.22734375 0.1015625 0.125