22 0.3140625 0.67265625 0.134375 0.2328125
6 0.3390625 0.25 0.1234375 0.2015625
26 0.17109375 0.6484375 0.128125 0.221875
11 0.690625 0.2734375 0.140625 0.23125
22 0.48828125 0.6890625 0.1390625 0.21875
31 0.7546875 0.5078125 0.134375 0.23125
5 0.24921875 0.446875 0.109375 0.1953125
1 0.42109375 0.46875 0.1203125 0.203125
1 0.5828125 0.490625 0.1390625 0.21875
22 0.30703125 0.665625 0.1125 0.190625
21 0.6390625 0.703125 0.121875 0.1953125
10 0.80625 0.7328125 0.115625 0.2
17 0.5140625 0.2578125 0.1234375 0.2109375