22 0.2890625 0.64140625 0.1671875 0.2453125
6 0.38046875 0.228125 0.15 0.2140625
26 0.1515625 0.5953125 0.1578125 0.2328125
11 0.72421875 0.30625 0.171875 0.2453125
22 0.45859375 0.684375 0.16875 0.2328125
31 0.75078125 0.54765625 0.165625 0.24375
5 0.26015625 0.4078125 0.1359375 0.2046875
1 0.42734375 0.45703125 0.146875 0.2140625
1 0.58359375 0.50390625 0.1671875 0.2328125
22 0.2828125 0.63359375 0.1390625 0.2015625
21 0.60546875 0.721875 0.1484375 0.20625
10 0.76640625 0.778125 0.1421875 0.209375
17 0.5515625 0.26328125 0.1515625 0.2234375