36 0.0265625 0.1578125 0.053125 0.115625
10 0.08515625 0.5640625 0.140625 0.1328125
36 0.490625 0.70234375 0.1359375 0.1296875
32 0.23984375 0.20859375 0.128125 0.11875
10 0.2078125 0.55 0.1390625 0.1296875
37 0.3796875 0.28125 0.128125 0.1234375
12 0.03671875 0.25546875 0.0734375 0.1203125
37 0.34609375 0.6234375 0.1375 0.1328125
32 0.43203125 0.4875 0.1328125 0.1296875
0 0.4609375 0.1578125 0.125 0.115625
0 0.60859375 0.67421875 0.128125 0.1265625
35 0.54609375 0.4640625 0.1265625 0.125
11 0.775 0.86953125 0.15 0.14375
32 0.75390625 0.0234375 0.1265625 0.046875
34 0.1328125 0.23671875 0.125 0.11875
24 0.51953125 0.81640625 0.1328125 0.13125
11 0.59609375 0.23203125 0.1234375 0.1140625
31 0.3234375 0.0875 0.1265625 0.1203125
32 0.51796875 0.3625 0.1234375 0.1203125
19 0.9625 0.696875 0.075 0.13125
14 0.5375 0.928125 0.146875 0.14375
19 0.68984375 0.540625 0.1359375 0.1328125
16 0.40078125 0.8421875 0.1375 0.1359375
17 0.40625 0.38515625 0.1265625 0.125
2 0.15390625 0.33828125 0.13125 0.1265625
9 0.48828125 0.26171875 0.121875 0.115625
14 0.13359375 0.78046875 0.1375 0.1359375
13 0.5671875 0.13828125 0.125 0.115625
12 0.22578125 0.6546875 0.1375 0.1328125
34 0.4578125 0.59375 0.1328125 0.128125
12 0.10703125 0.66875 0.1375 0.1328125
15 0.76953125 0.40703125 0.1390625 0.1296875
13 0.840625 0.6171875 0.1375 0.1296875
13 0.04921875 0.35234375 0.0984375 0.1203125
31 0.5703125 0.56796875 0.1265625 0.125
22 0.75625 0.76015625 0.1296875 0.13125
31 0.65703125 0.4375 0.1328125 0.1265625
19 0.87265625 0.73046875 0.134375 0.1328125
31 0.72109375 0.6453125 0.1390625 0.13125
28 0.971875 0.809375 0.05625 0.140625
11 0.2640625 0.309375 0.128125 0.125
21 0.06328125 0.4578125 0.1265625 0.13125
17 0.21015625 0.1125 0.121875 0.1140625
15 0.9484375 0.58828125 0.103125 0.1265625
21 0.628125 0.33515625 0.1296875 0.1296875
41 0.784375 0.08515625 0.128125 0.115625
13 0.884375 0.37578125 0.140625 0.13125
2 0.53671875 0.04921875 0.1203125 0.0984375
17 0.853125 0.27578125 0.134375 0.125
33 0.31328125 0.515625 0.1296875 0.13125
21 0.821875 0.18046875 0.13125 0.11875
16 0.15859375 0.89296875 0.1453125 0.140625
16 0.2859375 0.875 0.14375 0.1390625
33 0.18359375 0.44140625 0.1375 0.1328125
10 0.353125 0.18515625 0.1265625 0.1171875
14 0.3765625 0.734375 0.1359375 0.13125
15 0.79765625 0.50859375 0.1390625 0.13125
35 0.4328125 0.06328125 0.1203125 0.1109375
10 0.28984375 0.41015625 0.13125 0.128125
38 0.16953125 0.9703125 0.1484375 0.059375
23 0.63671875 0.7859375 0.1265625 0.125
34 0.64765625 0.03515625 0.1203125 0.0703125
9 0.6765625 0.1109375 0.1234375 0.1125
33 0.103125 0.13828125 0.1265625 0.1140625
14 0.259375 0.7625 0.140625 0.1359375
39 0.29609375 0.96015625 0.1453125 0.0796875
9 0.740625 0.3015625 0.134375 0.1234375
23 0.9046875 0.84140625 0.1375 0.1328125
27 0.659375 0.9015625 0.15 0.1453125
30 0.92265625 0.4765625 0.14375 0.134375
40 0.41796875 0.94609375 0.1453125 0.1078125
15 0.70546875 0.20390625 0.121875 0.1140625