26 0.8890625 0.4953125 0.103125 0.209375
26 0.58515625 0.5 0.1046875 0.2109375
26 0.7875 0.48359375 0.103125 0.20625
26 0.684375 0.48359375 0.10625 0.2109375
18 0.0984375 0.46015625 0.1125 0.2171875
18 0.4078125 0.47734375 0.10625 0.21875
18 0.30390625 0.47890625 0.1078125 0.2203125
9 0.21015625 0.14375 0.1078125 0.2046875
18 0.2046875 0.45546875 0.1078125 0.2203125
8 0.9078125 0.85546875 0.1109375 0.2203125
8 0.8046875 0.85859375 0.1078125 0.2234375
8 0.59765625 0.86640625 0.10625 0.225
9 0.11015625 0.14375 0.1078125 0.2046875
9 0.3125 0.140625 0.10625 0.2046875
8 0.7015625 0.85703125 0.109375 0.221875
0 0.10546875 0.840625 0.0921875 0.2
9 0.41171875 0.14765625 0.0953125 0.184375
17 0.5734375 0.1453125 0.090625 0.1796875
17 0.67265625 0.1515625 0.0921875 0.1828125
17 0.76953125 0.15625 0.0921875 0.1765625
17 0.86875 0.14609375 0.0875 0.184375
0 0.2109375 0.86015625 0.096875 0.1921875
0 0.31484375 0.86484375 0.09375 0.2078125
0 0.4203125 0.85 0.096875 0.2046875