26 0.88359375 0.56328125 0.13125 0.2203125
26 0.58359375 0.51484375 0.1328125 0.2234375
26 0.7859375 0.53359375 0.13125 0.21875
26 0.684375 0.515625 0.134375 0.2234375
18 0.11171875 0.390625 0.1421875 0.2296875
18 0.41328125 0.46171875 0.1359375 0.23125
18 0.3109375 0.4453125 0.1359375 0.2328125
9 0.2765625 0.10390625 0.134375 0.2078125
18 0.2171875 0.4046875 0.1375 0.2328125
8 0.83984375 0.90234375 0.1390625 0.1953125
8 0.7375 0.89453125 0.1375 0.2109375
8 0.5328125 0.878125 0.1375 0.2359375
9 0.17734375 0.09453125 0.1359375 0.1890625
9 0.37734375 0.11328125 0.134375 0.2171875
8 0.63671875 0.884375 0.1390625 0.23125
0 0.05546875 0.765625 0.1109375 0.209375
9 0.47421875 0.1375 0.1203125 0.1953125
17 0.63359375 0.1640625 0.1140625 0.1890625
17 0.73046875 0.18671875 0.1171875 0.19375
17 0.82578125 0.20859375 0.115625 0.1875
17 0.925 0.215625 0.1125 0.19375
0 0.153125 0.80390625 0.121875 0.203125
0 0.2546875 0.82734375 0.121875 0.2171875
0 0.3609375 0.83046875 0.125 0.215625