5 0.61484375 0.89921875 0.0921875 0.178125
35 0.71015625 0.29921875 0.08984375 0.175
11 0.309375 0.69609375 0.09453125 0.175
25 0.80703125 0.4953125 0.090625 0.175
9 0.0953125 0.69765625 0.08984375 0.17734375
3 0.41015625 0.90390625 0.09375 0.1734375
27 0.1 0.109375 0.090625 0.1734375
1 0.2015625 0.90234375 0.0921875 0.1796875
30 0.40078125 0.11015625 0.0921875 0.17265625
18 0.096875 0.5 0.09140625 0.1703125
19 0.20234375 0.50078125 0.0921875 0.16953125
38 0.5984375 0.1109375 0.09296875 0.16953125
34 0.30390625 0.30078125 0.09140625 0.175
10 0.20546875 0.69375 0.08828125 0.16875
4 0.51328125 0.9015625 0.09296875 0.18046875
32 0.2046875 0.303125 0.09140625 0.175
24 0.70546875 0.49765625 0.0890625 0.171875
37 0.09765625 0.30625 0.08984375 0.17421875
23 0.60703125 0.5 0.09453125 0.175
22 0.51015625 0.5 0.09296875 0.17421875
6 0.7171875 0.89921875 0.09296875 0.17734375
36 0.81484375 0.3046875 0.09140625 0.175
26 0.90390625 0.4921875 0.08828125 0.17265625
15 0.71484375 0.69453125 0.0921875 0.18125
2 0.30703125 0.89921875 0.09296875 0.175
12 0.41171875 0.696875 0.096875 0.1796875
31 0.60703125 0.30078125 0.09140625 0.1734375
28 0.1953125 0.11015625 0.0921875 0.171875
27 0.30703125 0.11171875 0.090625 0.16953125
41 0.9140625 0.11328125 0.08828125 0.16953125
20 0.30234375 0.5 0.0890625 0.171875
39 0.703125 0.11015625 0.08828125 0.16875
14 0.6125 0.69140625 0.0921875 0.1796875
13 0.5109375 0.69296875 0.09609375 0.178125
16 0.8140625 0.68984375 0.0921875 0.17421875
40 0.8109375 0.1109375 0.084375 0.17109375
33 0.9140625 0.30078125 0.08671875 0.15703125
7 0.81875 0.896875 0.08515625 0.1671875
8 0.91640625 0.90390625 0.09375 0.1890625
17 0.91171875 0.6859375 0.08125 0.16640625
0 0.09609375 0.8953125 0.08984375 0.1671875
21 0.40859375 0.496875 0.090625 0.17265625