5 0.54375 0.90859375 0.121875 0.1828125
35 0.7421875 0.3390625 0.11875 0.1875
11 0.278125 0.66015625 0.1234375 0.1890625
25 0.803125 0.5484375 0.1203125 0.1875
9 0.0671875 0.62421875 0.1203125 0.1890625
3 0.34140625 0.88203125 0.121875 0.1875
27 0.17421875 0.06953125 0.1203125 0.1390625
1 0.1359375 0.84453125 0.1203125 0.1921875
30 0.4703125 0.09921875 0.1203125 0.1859375
18 0.103125 0.4296875 0.11875 0.1828125
19 0.20703125 0.44921875 0.1203125 0.1828125
38 0.66484375 0.13359375 0.121875 0.1828125
34 0.34140625 0.26953125 0.1203125 0.1890625
10 0.1765625 0.63984375 0.1171875 0.18125
4 0.44296875 0.89765625 0.121875 0.19375
32 0.24375 0.2546875 0.1203125 0.1875
24 0.703125 0.53359375 0.1171875 0.184375
37 0.1375 0.2390625 0.11875 0.1875
23 0.60546875 0.51875 0.1234375 0.1890625
22 0.51015625 0.5015625 0.121875 0.1875
6 0.64453125 0.91796875 0.1234375 0.1640625
36 0.84375 0.3625 0.1203125 0.1890625
26 0.89921875 0.5625 0.1171875 0.184375
15 0.678125 0.72890625 0.121875 0.19375
2 0.240625 0.859375 0.121875 0.1890625
12 0.37890625 0.67890625 0.1265625 0.1953125
31 0.63984375 0.32265625 0.1203125 0.1875
28 0.2671875 0.07734375 0.11875 0.1546875
27 0.3765625 0.0875 0.11875 0.175
41 0.95859375 0.19140625 0.0828125 0.1828125
20 0.30546875 0.465625 0.1171875 0.184375
39 0.76796875 0.1515625 0.115625 0.18125
14 0.57734375 0.7078125 0.1234375 0.19375
13 0.47734375 0.6921875 0.1265625 0.1921875
16 0.7765625 0.74140625 0.1203125 0.1875
40 0.8734375 0.17109375 0.1125 0.184375
33 0.9421875 0.37578125 0.1140625 0.1703125
7 0.7453125 0.92734375 0.1125 0.1453125
8 0.8390625 0.934375 0.125 0.13125
17 0.8734375 0.7546875 0.109375 0.178125
0 0.04609375 0.81953125 0.0921875 0.1796875
21 0.41015625 0.48125 0.11875 0.1859375