5 0.7015625 0.86328125 0.1296875 0.19375
35 0.659375 0.25703125 0.1265625 0.190625
11 0.35859375 0.73359375 0.13125 0.1921875
25 0.7984375 0.4265625 0.128125 0.190625
9 0.15 0.78359375 0.128125 0.1921875
3 0.50234375 0.909375 0.1296875 0.18125
27 0.04296875 0.209375 0.0859375 0.190625
1 0.29921875 0.93046875 0.1296875 0.1390625
30 0.315625 0.1421875 0.128125 0.1890625
18 0.10703125 0.590625 0.1265625 0.1859375
19 0.21015625 0.56796875 0.128125 0.1859375
38 0.50859375 0.0984375 0.1296875 0.1859375
34 0.2640625 0.35 0.1296875 0.190625
10 0.25625 0.7546875 0.125 0.184375
4 0.603125 0.88828125 0.13125 0.196875
32 0.16796875 0.37421875 0.128125 0.190625
24 0.7 0.4515625 0.125 0.1875
37 0.0640625 0.4015625 0.1265625 0.190625
23 0.60390625 0.47578125 0.1328125 0.1921875
22 0.51015625 0.49765625 0.1296875 0.190625
6 0.8015625 0.83984375 0.13125 0.19375
36 0.7625 0.2390625 0.1296875 0.190625
26 0.89140625 0.4015625 0.125 0.1875
15 0.753125 0.64140625 0.13125 0.196875
2 0.40078125 0.91796875 0.1296875 0.1640625
12 0.45859375 0.71171875 0.134375 0.1984375
31 0.559375 0.28203125 0.128125 0.1890625
28 0.115625 0.1890625 0.128125 0.1875
27 0.225 0.16484375 0.1265625 0.1859375
41 0.81640625 0.0609375 0.1234375 0.121875
20 0.30703125 0.54453125 0.125 0.1875
39 0.61015625 0.0828125 0.1234375 0.165625
14 0.65234375 0.6609375 0.13125 0.1953125
13 0.55390625 0.6859375 0.134375 0.1953125
16 0.8484375 0.6140625 0.128125 0.1890625
40 0.71484375 0.071875 0.1203125 0.14375
33 0.85859375 0.2125 0.1203125 0.1734375
7 0.9 0.81484375 0.1203125 0.1828125
8 0.96484375 0.79921875 0.0703125 0.2046875
17 0.9421875 0.58828125 0.115625 0.1796875
0 0.1953125 0.9421875 0.125 0.115625
21 0.41015625 0.5171875 0.1265625 0.1875